409 0.899268 1032.471924 535.703430 1250.268066 717.227966
409 0.873681 12.528305 917.712341 192.406448 1096.773926
409 0.006644 1240.280029 1100.677612 1472.837646 1213.517944
409 0.002409 1079.510742 471.498016 1290.652832 767.088379
409 0.001587 939.959167 521.404358 1370.072021 761.561218
409 0.001543 5.246750 1453.859619 190.452408 1487.512939
409 0.001363 786.480957 1.226358 980.222168 38.986961
409 0.001288 1401.711670 1415.816772 1643.819580 1489.000000
470 0.842636 1593.022217 1164.495361 1812.832764 1334.426758
470 0.278832 1415.379395 1181.065063 1701.315674 1354.942749
470 0.225003 55.059357 36.607468 237.624481 208.632507
470 0.008697 139.461075 228.855301 305.646851 388.004395
470 0.003018 1259.242188 1134.110596 1795.402832 1336.696533
470 0.001610 1722.809448 162.140045 1951.484497 348.804779
470 0.001594 1.000000 1455.044189 217.535034 1489.000000
37 0.565677 6.563919 705.542419 170.880936 805.648010
37 0.002191 14.014027 719.045044 92.500809 805.592651
37 0.002107 1.000000 697.046753 221.458008 832.294556
37 0.001618 734.183044 342.626038 1026.934937 501.192871
37 0.001314 1460.232422 1193.087769 1661.781738 1312.938843
163 0.124252 1926.927979 818.532959 2041.794922 979.860474
163 0.110653 996.326050 457.461090 1237.148315 616.710693
163 0.063814 133.783630 1275.563843 370.232513 1427.818970
163 0.014574 665.915649 1100.866821 864.411743 1263.013306
163 0.005260 971.316345 812.721130 1207.159424 982.148132
163 0.003679 1997.578735 830.733093 2048.000000 975.798645
163 0.003143 1714.486816 1.685684 1878.039551 173.014740
163 0.002322 473.758179 1.169762 667.679443 34.692383
163 0.001757 1193.541504 1407.273804 1459.611816 1489.000000
163 0.001374 487.696564 9.720829 657.602356 78.089325
163 0.001104 1656.471558 1.000000 1856.511597 33.211670
163 0.001015 84.148651 1.052143 270.122223 35.063496
454 0.948308 124.267097 1113.309692 316.929138 1263.962280
454 0.002970 306.451843 1.000000 528.397095 36.573837
454 0.002137 351.270447 4.063366 548.032654 79.265213
454 0.001301 4.763489 1454.581421 189.107986 1489.000000
454 0.001166 547.270386 735.295715 836.034912 880.780090
869 0.978246 723.167419 819.446899 947.081482 994.450073
869 0.001710 1265.632080 2.100845 1457.333008 34.671062
869 0.001566 823.241455 829.235901 979.883667 927.937317
869 0.001505 1734.677246 1.000000 1926.545654 34.098770
869 0.001416 6.689575 1.000000 202.974350 41.306396
869 0.001034 2001.405762 1349.250732 2048.000000 1489.000000
869 0.001021 1.704266 4.161407 46.991875 144.009048
533 0.957137 667.115540 1250.178833 921.421326 1431.931030
533 0.001379 589.159851 1.289837 787.127014 33.589493
533 0.001249 1528.984253 3.367712 1737.503540 35.237930
533 0.001240 1998.391357 1356.174805 2048.000000 1481.879639
533 0.001204 736.958008 1282.405640 966.562866 1378.390015
533 0.001066 696.574890 1294.558472 874.996521 1386.324097
533 0.001031 744.518250 3.210132 948.628479 33.242729
568 0.956580 1631.411987 637.864136 1821.690063 805.599121
568 0.002896 1720.937256 1119.384644 1942.032471 1262.223755
568 0.001889 531.051697 1.000000 771.906433 37.248703
568 0.001126 1.000000 1454.986084 198.840866 1489.000000
568 0.001049 2002.520264 32.802849 2046.791748 164.649109
568 0.001039 2.117146 178.639587 48.550011 310.887756
568 0.001035 4.090765 315.779114 44.238602 460.696472
1072 0.595026 892.548889 1117.381348 1096.898560 1296.453125
1072 0.280823 1167.371094 1288.032104 1377.138428 1442.748413
1072 0.005331 1699.497925 1.000000 1873.213013 75.838135
1072 0.003919 507.930237 727.285095 677.903992 902.266907
1072 0.003118 1693.956909 3.122671 1878.405396 36.921204
1072 0.002947 678.090942 623.310547 857.137329 798.329102
1072 0.002436 1892.608643 10.237404 2048.000000 82.323029
1072 0.002225 1964.741821 1.000000 2033.439575 148.026154
1072 0.002020 626.259521 1.000000 836.430420 35.980118
1072 0.001311 779.679199 702.369202 905.404663 926.044128
1072 0.001172 400.398956 533.177124 571.401184 692.464478
1072 0.001164 853.350708 980.155029 1175.947876 1402.160889
1072 0.001139 1.000000 1451.275513 198.406067 1489.000000
1072 0.001092 2001.614258 1.000000 2048.000000 146.729675
1121 0.928954 53.153862 321.996704 272.867920 471.229004
1121 0.002177 1.000000 1400.240723 203.002914 1489.000000
1121 0.001713 896.465088 652.985779 1119.023804 759.741272
1121 0.001501 949.934326 614.787354 1178.971191 732.472656
1121 0.001390 544.180847 1265.235718 786.332214 1409.633911
1121 0.001162 2003.573730 1349.330444 2048.000000 1486.779419
1121 0.001069 6.525135 1411.677490 123.809113 1488.706543
859 0.789460 560.013062 1135.581787 733.342407 1307.527832
859 0.021484 544.638428 1083.957031 791.778198 1363.652344
859 0.005166 1674.973633 30.155998 1861.046387 156.331970
859 0.001675 625.529663 1.000000 832.081543 36.645630
859 0.001287 1097.039551 2.186735 1301.746582 33.506638
859 0.001211 1972.201416 1350.923096 2033.088135 1485.181641
859 0.001100 1989.146606 33.871010 2048.000000 167.329498
859 0.001043 1355.148071 708.014404 1567.192993 869.810425
824 0.976089 724.215332 926.887146 981.502930 1077.482178
824 0.028445 488.084595 144.828430 731.916260 301.576935
824 0.013567 83.274620 2.144730 283.575775 79.178566
824 0.004886 75.502510 1410.891724 274.124725 1489.000000
824 0.003906 804.376221 848.868225 911.401733 1150.737061
824 0.003573 1724.928101 1.000000 1934.188599 39.804787
824 0.003029 1722.348999 1.000000 1929.454224 101.235931
824 0.002817 101.633041 4.968276 324.559875 35.605080
824 0.002306 1.000000 672.830261 105.733170 844.806335
824 0.001788 1.000000 680.047974 49.895576 840.527100
824 0.001470 178.112076 1269.276489 497.057129 1417.700317
824 0.001441 1.000000 1395.832886 229.271973 1489.000000
824 0.001326 51.553024 1.000000 231.922104 35.693340
824 0.001177 96.688454 1453.847900 255.443756 1485.886963
789 0.781669 185.548691 360.418579 386.267822 536.392151
789 0.408431 1602.044189 1.000000 1812.494385 77.120514
789 0.102124 291.948547 1126.749512 491.259216 1320.850342
789 0.039795 1622.904907 291.888672 1925.819458 449.294312
789 0.015899 1378.194458 1.000000 1659.654175 180.928162
789 0.013163 1421.552856 26.025635 1613.289429 142.350861
789 0.007261 1694.576050 256.295807 1855.245239 475.680206
789 0.005287 257.627380 110.285568 435.349792 313.394836
789 0.004515 1563.219482 1.000000 1831.736328 143.020477
789 0.001623 279.737488 1028.731812 549.939880 1411.009644
789 0.001558 1673.008301 1.000000 1816.085205 40.754482
789 0.001047 2001.958740 1350.601562 2048.000000 1489.000000
789 0.001002 6.915878 1456.554565 188.018387 1489.000000
133 0.733484 1815.709351 873.888550 2031.511841 1033.614258
133 0.006300 1536.525146 830.429199 1733.130615 1019.851929
133 0.001924 1252.032959 1.000000 1465.348633 37.866360
133 0.001892 940.402893 1.000000 1147.290283 35.230007
133 0.001706 17.289093 1452.143311 183.336548 1489.000000
133 0.001268 414.599579 871.089844 638.255737 1023.112183
133 0.001135 2002.839966 30.490662 2045.514526 170.964279
133 0.001030 4.328285 1409.356689 202.266968 1489.000000
133 0.001018 1728.087646 1454.844604 1927.916748 1489.000000
894 0.069424 1359.764038 408.267334 1592.853149 587.875305
894 0.010939 559.155090 1.000000 740.923767 38.479378
894 0.006938 553.717468 4.684032 742.544250 75.576355
894 0.002168 3.323486 1452.110474 185.827057 1489.000000
894 0.001577 8.932590 1410.739746 124.920471 1489.000000
894 0.001523 1410.932617 1.000000 1622.571289 36.319626
894 0.001373 612.906250 1416.234741 854.011597 1489.000000
894 0.001270 1.000000 671.563232 48.730759 785.870361
894 0.001083 1703.009766 703.909790 2003.237305 871.129761
894 0.001036 1095.279419 1.000000 1303.619263 35.350342
788 0.925450 513.881042 1215.571411 732.622009 1382.686890
788 0.476705 8.306622 587.417725 122.160202 735.736694
788 0.382436 1094.842651 87.578156 1297.535034 227.376282
788 0.006382 1.000000 593.716614 60.363247 749.180237
788 0.005130 3.987831 684.799072 194.908997 827.354614
788 0.004450 334.952942 155.773193 505.681824 274.227264
788 0.003074 1303.812378 9.865036 1496.307495 152.297745
788 0.001966 1.000000 609.584961 190.661987 724.961548
788 0.001810 13.578476 628.680420 167.033905 777.306152
788 0.001760 1068.287720 1.000000 1344.639526 309.973846
788 0.001396 133.158096 1.000000 380.245911 34.913692
788 0.001354 1951.656738 730.102295 2030.156250 922.515747
788 0.001280 1.000000 1450.172852 205.753876 1489.000000
788 0.001066 2004.230469 35.822319 2045.413086 165.126282
788 0.001019 1584.521118 1.000000 1843.577026 34.615868
912 0.933476 1067.284546 736.365479 1282.589478 931.650391
912 0.002768 465.129944 3.287329 672.800598 37.358086
912 0.001214 485.490417 8.288847 655.196838 68.425728
912 0.001098 3.870941 1452.586426 192.732147 1489.000000
167 0.942338 643.325928 767.424194 853.874390 925.328369
167 0.085601 1553.920654 1329.317993 1873.794189 1485.512085
167 0.072901 1738.364380 1289.498047 1992.594116 1433.912354
167 0.006499 1623.384888 1360.703369 1794.009155 1465.994629
167 0.004460 1951.708252 1346.921509 2048.000000 1489.000000
167 0.002206 2001.390259 1357.791626 2048.000000 1481.815796
167 0.001900 10.432899 1408.598511 126.389854 1489.000000
167 0.001674 1.000000 1452.315063 201.725815 1489.000000
167 0.001374 1.000000 1360.194824 121.321365 1475.057129
167 0.001004 585.299072 1.636148 797.330444 34.006828
134 0.721048 916.959839 959.352478 1152.125610 1130.691528
134 0.486577 1.000000 840.503174 226.313385 1008.865601
134 0.010230 936.486023 868.649170 1177.395752 1226.242920
134 0.008999 1709.905396 61.011086 1886.261597 206.270477
134 0.006412 959.247070 4.833519 1147.674316 178.539978
134 0.001463 1459.136230 1.000000 1650.129883 35.738403
134 0.001354 13.811901 1408.603638 121.064453 1489.000000
134 0.001338 1657.097656 1.000000 1848.327148 34.569572
134 0.001121 665.041687 1.000000 861.954285 99.856354
134 0.001049 1.000000 1454.058960 200.705200 1488.898315
1025 0.899877 189.679474 1147.604614 393.415131 1300.241333
1025 0.239298 1072.247437 1040.653687 1309.886597 1186.021851
1025 0.011923 1960.983154 14.212673 2038.377930 133.075775
1025 0.009394 1426.860718 1122.793457 1663.734253 1249.575684
1025 0.009352 378.839386 174.414551 556.717285 322.090118
1025 0.005940 1325.842529 353.069000 1578.500244 488.983856
1025 0.002851 14.898781 1453.249634 178.681946 1489.000000
1025 0.002599 2003.044434 15.664280 2045.714600 127.665436
1025 0.002475 1022.240601 922.657593 1398.998413 1294.284790
1025 0.001185 1994.380493 1353.265259 2048.000000 1483.839966
1025 0.001089 1770.953125 759.549316 2043.934082 893.145630
1025 0.001031 322.092163 117.014313 631.558289 379.352966
1025 0.001006 1254.509644 1.000000 1466.395630 33.045891
32 0.920117 721.834839 538.710022 908.800171 683.646179
32 0.002621 1.000000 1408.058105 192.794495 1489.000000
32 0.001563 11.738747 1455.160767 181.127808 1489.000000
32 0.001214 1.000000 1399.429688 48.557854 1489.000000
32 0.001082 1636.372314 1415.481934 1886.078613 1489.000000
1007 0.968981 850.603149 571.327087 1016.019165 707.196228
1007 0.028413 1160.677612 163.175140 1315.629761 336.389404
1007 0.012755 790.730103 547.909607 1051.830444 756.399353
1007 0.002622 1575.895752 2.331148 1766.072754 37.758507
1007 0.002608 743.482056 1.143974 950.439941 38.347290
1007 0.002443 1571.207886 2.860172 1767.440063 78.723068
1007 0.001498 1824.324707 1423.793945 1993.265625 1477.937744
1007 0.001244 763.981140 5.858837 932.023010 73.492111
1007 0.001104 1996.085571 1359.615112 2048.000000 1480.211060
145 0.357286 1275.166992 204.735794 1513.094971 332.438599
145 0.002398 113.305252 1.000000 321.703003 34.283905
145 0.001218 468.315033 300.878448 713.343994 458.990631
145 0.001009 535.618103 1.000000 763.480774 32.710915
951 0.900684 221.101410 1231.935181 434.853790 1380.716675
951 0.001269 1.000000 1452.981689 196.666656 1489.000000
951 0.001139 748.376465 2.695529 943.851929 34.389038
951 0.001035 1961.622070 1338.833618 2044.215088 1489.000000
1112 0.905623 922.405884 1266.841309 1160.180298 1456.172607
1112 0.004176 1826.354736 1415.156250 1991.790283 1488.309326
1112 0.002570 1809.156738 1454.473633 2003.665283 1489.000000
1112 0.001780 940.351624 1229.659546 1100.019287 1401.041138
1112 0.001710 1965.338257 212.243515 2036.883911 390.294067
1112 0.001496 269.379669 1.039019 476.636871 35.527115
1112 0.001287 728.018433 1.000000 963.594604 33.061787
1112 0.001046 1921.253662 22.629456 2048.000000 171.426346
1112 0.001022 2007.207764 6.196518 2043.395508 141.062500
542 0.939756 1216.530884 331.724030 1431.054565 500.634857
542 0.002459 1604.408081 1409.227783 1822.942993 1489.000000
542 0.001900 8.801727 1.000000 274.542816 34.121887
542 0.001760 1605.802002 1458.030151 1814.135254 1485.117554
542 0.001572 459.250580 1.000000 682.783325 37.557053
542 0.001505 1.000000 4.837662 49.803986 141.183380
542 0.001432 1.000000 1454.965332 196.376190 1488.905273
542 0.001428 2000.898438 1348.991089 2048.000000 1489.000000
542 0.001411 1514.250244 43.385162 1741.606689 167.363251
542 0.001061 486.902557 1.000000 659.188965 81.206543
1097 0.005435 1926.916260 1104.370239 2043.389648 1264.369507
1097 0.003220 622.297668 2.274776 830.145447 37.429047
1097 0.001839 1839.528320 198.950714 2046.911377 329.293182
1097 0.001796 1369.687988 1.977430 1581.942383 34.684937
1097 0.001669 32.041824 1.000000 241.162643 34.102211
1097 0.001345 1.000000 1454.363892 202.969620 1489.000000
1097 0.001330 946.682190 1458.474487 1137.400879 1487.069458
1097 0.001259 1963.082397 1138.855713 2035.953003 1246.166748
1097 0.001062 192.092072 1455.407349 396.823395 1488.389526
339 0.859497 1338.986084 1258.389038 1554.835693 1409.277954
211 0.763694 225.431488 1057.721802 432.194427 1225.280640
211 0.074843 1610.560181 829.540771 1818.264038 976.404297
211 0.001086 1599.731323 412.151672 1807.129272 587.653748
211 0.001012 1176.470947 1455.707153 1379.915527 1489.000000
702 0.863917 387.080566 319.766296 591.115845 478.123901
702 0.002403 5.390690 512.520569 107.005508 679.876648
702 0.002135 2.951084 543.072754 47.624493 687.054810
702 0.002132 1806.505249 4.526660 2011.588501 31.004181
702 0.001561 1.000000 1452.747559 214.873672 1489.000000
702 0.001557 7.294571 1403.943604 191.070435 1489.000000
702 0.001349 1495.826538 1.000000 1694.189087 35.822151
702 0.001261 1682.211182 427.937531 1875.390381 537.481812
702 0.001133 374.377350 1.000000 618.226562 36.816666
702 0.001075 3.301060 1233.485840 47.463715 1375.320557
702 0.001038 1297.845459 1.000000 1500.968018 35.919994
410 0.771068 1196.143799 53.152161 1443.130615 218.632812
410 0.335773 153.041687 198.367157 357.995422 356.527985
410 0.002247 961.809265 112.577766 1212.259644 291.491699
410 0.001420 3.598404 1451.943848 195.615601 1489.000000
279 0.988699 743.240845 656.593750 1031.734497 806.860107
279 0.001833 1.000000 1450.477661 201.154343 1489.000000
279 0.001793 1997.934570 1364.903687 2048.000000 1477.631714
279 0.001626 85.005234 1.000000 271.649841 35.395069
904 0.949889 571.130066 606.100830 813.586731 787.140259
904 0.002398 514.567139 474.420593 882.980225 969.720764
904 0.001449 956.946899 1454.814819 1123.283081 1488.435669
904 0.001187 7.453270 1453.397705 191.220551 1489.000000
479 0.525145 1488.993408 1211.461060 1738.739258 1385.149292
479 0.289627 1540.271118 1031.183105 1796.266968 1208.709473
479 0.006919 1015.363464 475.878540 1231.085449 627.623901
479 0.004134 1498.107178 926.015869 1870.295410 1293.021729
479 0.002449 1396.192383 4.906849 1559.083984 77.501785
479 0.002044 1382.800171 1.248066 1569.380737 34.992443
479 0.001972 1875.785156 1.000000 2020.429688 81.444145
479 0.001847 645.198975 372.404297 845.830200 518.669983
479 0.001479 941.423462 1.000000 1142.802368 35.838776
479 0.001426 401.731812 724.191895 658.693481 846.475952
479 0.001383 158.105072 1.000000 360.695343 36.331303
479 0.001285 1860.413208 1.000000 2036.539673 33.870876
479 0.001099 3.938915 786.326050 47.611691 912.209717
479 0.001021 1.000000 1414.304810 133.236450 1487.773071
868 0.979864 526.360840 1142.340332 766.123657 1309.895264
868 0.017047 965.035156 89.629578 1179.392578 274.584564
868 0.012380 3.594475 1199.139771 124.131599 1381.390259
868 0.002514 1721.539429 2.223780 1935.395142 35.228203
868 0.001509 4.922298 1231.658447 45.092613 1375.862793
868 0.001359 1742.578247 3.620800 1915.671753 82.452881
868 0.001100 296.934875 1.000000 532.258728 35.668030
603 0.810327 733.757751 921.789001 931.107239 1081.048950
603 0.035630 1614.947388 1.000000 1803.277954 83.954544
603 0.005448 429.379028 335.994873 605.461426 485.592285
603 0.001693 343.443817 1.000000 561.507080 36.817986
603 0.001184 1.000000 1451.830200 212.838196 1489.000000
603 0.001001 1965.124268 1125.053345 2035.149170 1262.120972
567 0.890210 1820.739502 1119.100464 2038.409180 1263.350220
567 0.001442 1.000000 1450.418579 197.329086 1489.000000
567 0.001363 144.422302 1.000000 371.839783 36.610428
567 0.001204 798.556641 1009.414429 1026.029419 1132.252563
567 0.001086 1612.616211 1.000000 1811.897705 35.293633
827 0.802867 809.091003 633.499451 1047.674683 810.772400
827 0.607740 832.807129 143.023529 1102.795166 306.242950
827 0.004327 1922.312866 698.255493 2046.079956 859.804810
827 0.003278 806.949036 81.722321 1175.945679 397.381012
827 0.001291 923.178284 194.441437 1099.983032 381.413666
827 0.001010 2000.559692 3.323196 2047.168579 138.728943
1052 0.823213 1859.917725 1208.768311 2048.000000 1339.796387
1052 0.277733 535.020752 924.953125 707.641479 1087.881836
1052 0.005171 5.201729 313.607727 205.312195 414.872498
1052 0.002790 2.784912 1054.519897 92.957726 1211.296753
1052 0.002156 1553.115601 637.646912 1734.419312 775.645447
1052 0.001842 1.000000 290.728149 275.351990 459.151794
1052 0.001565 1.000000 1070.980591 47.775681 1194.067993
1052 0.001310 1.185799 1454.849365 192.983368 1489.000000
1052 0.001059 1967.491577 1015.227539 2038.356079 1139.289062
1052 0.001037 1998.187012 1342.535034 2048.000000 1489.000000
1052 0.001008 1563.974609 1.000000 1789.207520 33.428520
781 0.088646 1189.770142 734.933411 1403.105103 908.545471
781 0.075831 488.363617 422.780945 739.654907 562.737793
781 0.001715 1049.026001 666.825317 1553.237915 973.185791
781 0.001423 1149.467285 3.162366 1328.037109 35.037685
781 0.001358 222.088379 1.000000 451.966858 36.139664
781 0.001198 1999.720459 1341.044312 2048.000000 1489.000000
781 0.001088 412.370941 369.536011 779.518555 594.966064
781 0.001038 7.423233 1451.773438 187.670044 1489.000000
781 0.001011 1601.113281 1318.727905 1772.153809 1407.882935
515 0.867957 155.414398 795.594727 371.480255 964.700562
515 0.798144 930.848511 200.084625 1182.197388 358.860199
515 0.026295 1941.693115 583.000671 2033.733154 736.387756
515 0.008646 1855.013672 8.005802 2028.891602 78.759399
515 0.001964 1851.122437 1.000000 2044.636597 39.153236
515 0.001741 1995.808350 605.411316 2048.000000 742.470520
515 0.001015 66.903328 2.235275 286.411743 33.990032
397 0.814066 1813.596924 933.112183 2046.715820 1103.502563
397 0.026012 755.561218 1143.157471 961.604675 1310.298096
397 0.008303 1922.515137 3.509087 2048.000000 81.937355
397 0.002845 1905.249634 1.000000 2048.000000 40.884335
397 0.002398 8.040932 1.000000 195.083160 41.416046
397 0.001898 702.326355 1.000000 918.790344 35.471275
397 0.001626 1959.237183 38.374516 2038.519653 107.846451
397 0.001060 1995.801147 44.572487 2048.000000 214.538574
397 0.001035 1490.768066 189.204498 1771.605957 351.244110
397 0.001026 1.000000 1453.561279 198.784882 1489.000000
602 0.939810 19.548836 620.992615 196.500092 804.547180
602 0.083022 1704.446167 458.789917 1885.010376 667.961426
602 0.001455 6.780861 1451.077148 187.110382 1489.000000
602 0.001041 1.000000 10.372353 51.934372 136.773804
137 0.885460 1686.233276 666.227295 1909.848267 831.128418
137 0.130135 376.797791 1.000000 586.464966 91.056114
137 0.022108 703.662598 797.383362 916.745728 948.581360
137 0.010251 8.391373 1342.877808 177.398987 1440.019653
137 0.003650 929.426697 2.193821 1156.184937 36.710087
137 0.002541 348.612854 1.000000 571.794128 44.309181
137 0.001573 949.507996 2.056274 1143.323120 76.027443
137 0.001186 3.026285 809.884277 41.551712 942.274292
185 0.858747 811.968628 1231.566528 987.500977 1393.683960
185 0.274739 353.517181 1.000000 535.844727 87.716431
185 0.008193 333.558411 1.000000 509.772583 48.657024
185 0.001229 1999.106689 9.410866 2048.000000 130.542816
185 0.001214 730.302368 1205.005249 1106.229004 1461.705200
185 0.001169 1058.621704 2.933006 1265.349976 36.565678
185 0.001069 164.774902 1410.999023 341.953918 1486.645508
1016 0.971116 995.455505 1071.232422 1230.744751 1238.842041
1016 0.333047 1908.434692 137.431931 2048.000000 283.940674
1016 0.003926 1993.908691 139.992340 2048.000000 295.408386
1016 0.002605 1974.555542 159.208282 1996.994019 260.806244
1016 0.002524 1957.154297 912.214661 2045.421631 1067.376709
1016 0.002044 1.000000 1454.287842 192.865997 1489.000000
1016 0.002034 1906.983887 182.320679 1988.147949 255.667175
1016 0.001531 1953.524414 177.371368 2034.632812 298.717529
1016 0.001466 4.738197 1404.632568 125.933998 1489.000000
1016 0.001306 1762.836426 1.000000 1977.932129 34.938568
1016 0.001094 396.102325 164.317627 579.591736 306.247925
224 0.904413 337.503723 124.205544 544.155029 287.159363
224 0.001745 3.289795 1454.334717 194.190659 1488.993408
224 0.001037 1378.921631 1455.203003 1573.791992 1488.018188
449 0.875129 361.653320 138.898026 564.463745 303.315186
449 0.072554 1900.612305 1401.836792 2048.000000 1488.998413
449 0.010233 819.963379 20.073814 1091.389038 156.008270
449 0.005223 1877.699341 1447.835815 2048.000000 1488.557983
449 0.005207 1081.411743 1013.590820 1260.761597 1186.681641
449 0.001515 1.000000 1452.849365 206.973312 1489.000000
449 0.001443 1807.792725 1459.719971 2020.554443 1488.962891
449 0.001087 1602.209839 1.406972 1832.085327 30.396717
150 0.940483 1715.405273 235.044785 1943.336426 380.460144
150 0.001346 4.801594 151.651031 41.743118 279.626129
150 0.001332 1727.951660 188.867020 1858.034912 314.195923
150 0.001329 1074.603027 1048.057739 1259.346680 1206.929321
150 0.001100 1965.112427 1081.349121 2027.632446 1184.350342
150 0.001051 1997.452271 1045.990723 2048.000000 1219.146240
559 0.870329 381.426666 1018.963623 602.339661 1170.147949
559 0.030433 17.400642 118.933167 204.672089 246.675507
559 0.001401 822.930542 242.597168 1051.478149 377.210754
559 0.001291 1.000000 1447.290771 195.712646 1489.000000
559 0.001106 1.000000 146.157196 41.145939 288.527435
1091 0.954293 1431.611450 708.610046 1698.456177 882.774475
1091 0.001138 85.619614 1457.233765 263.351440 1486.730591
668 0.892763 1624.565552 229.273773 1828.094360 383.940765
668 0.028576 3.087208 360.857574 123.725967 515.156921
668 0.006361 5.995634 379.628967 42.506470 513.128662
668 0.001877 597.201355 1106.775024 885.488098 1234.187866
668 0.001674 12.284958 1451.965332 189.425980 1489.000000
668 0.001378 5.095234 366.492035 17.678913 518.719299
668 0.001273 43.530975 433.370270 332.128479 630.401733
668 0.001000 14.921318 1404.842896 124.661507 1489.000000
345 0.522006 1879.535645 1279.554932 2046.506836 1431.234619
345 0.126584 158.307449 332.609863 376.111633 477.487183
345 0.005966 983.485229 1408.647095 1170.756470 1489.000000
345 0.002058 978.327209 1453.519165 1174.870361 1486.676636
345 0.001422 1.000000 1452.452637 200.462891 1489.000000
345 0.001335 18.819153 1.000000 178.234863 38.971313
345 0.001253 9.030315 1411.301758 126.944382 1489.000000
345 0.001137 104.839508 267.372650 474.292877 567.659546
345 0.001051 1900.952881 1328.617920 1997.896240 1400.864990
273 0.978182 140.537216 423.868652 404.962036 562.636536
273 0.060176 1934.358643 1146.923950 2034.211426 1283.476929
273 0.003020 1998.213623 1122.990112 2048.000000 1260.821411
273 0.002605 1863.373901 1129.064575 2048.000000 1263.449585
273 0.001644 723.333984 1194.758667 911.317505 1363.733765
273 0.001609 1.000000 1450.290894 200.662140 1489.000000
273 0.001519 273.981262 1.000000 551.921814 36.004807
273 0.001463 1958.493774 490.114166 2041.257935 636.559875
273 0.001152 1.702276 1296.199585 48.030678 1426.625610
273 0.001077 1236.438110 377.755768 1490.579956 559.793884
747 0.887894 1668.076782 231.665878 1905.873901 379.963745
747 0.001689 769.627319 1146.775757 1049.227295 1324.340210
747 0.001366 1.000000 1453.806152 197.880295 1489.000000
1032 0.927963 1509.560791 1145.369873 1719.171875 1308.713135
1037 0.951468 1361.411621 1224.188599 1573.237793 1384.737915
1037 0.152157 1049.741821 1.000000 1285.685669 79.223770
1037 0.077845 35.786041 832.715454 221.429749 1020.458984
1037 0.003585 1102.313843 1.000000 1281.517212 44.644608
1037 0.003238 1035.613403 1.000000 1223.025757 40.261196
1037 0.001634 269.154388 712.784180 487.829376 929.582275
1037 0.001569 1571.646484 1.000000 1778.613770 38.008465
1037 0.001325 1371.542725 1.000000 1590.959473 35.095352
1037 0.001219 1997.281616 1359.074219 2048.000000 1478.055664
1037 0.001025 1.000000 1454.547363 206.834045 1488.683594
1037 0.001022 6.190861 385.159729 113.773727 600.457275
1037 0.001014 3.164089 1410.734375 130.895615 1484.855713
82 0.923922 751.570923 509.226501 967.634399 695.065247
82 0.001607 601.156982 406.969666 1166.673340 833.230164
82 0.001334 1.000000 1451.910400 202.181091 1489.000000
82 0.001165 347.094543 1.000000 557.057434 36.674477
82 0.001024 492.645386 1.000000 734.314697 34.795605
630 0.901995 997.649658 169.197220 1216.996582 339.648682
630 0.187696 99.175003 616.249756 282.513062 741.255127
630 0.019726 1016.314087 208.637161 1184.675659 302.740997
630 0.001251 15.248589 1405.558594 182.156525 1489.000000
630 0.001073 1.000000 1160.561523 46.950897 1280.755859
540 0.627196 1443.358398 1113.054932 1662.947510 1256.427002
540 0.021055 752.585571 365.966248 952.033081 523.083984
540 0.002096 1155.984985 324.294678 1314.609253 434.288452
540 0.001482 1372.128662 1061.726074 1704.765625 1275.504395
540 0.001463 1.238297 1451.666748 195.447021 1489.000000
540 0.001114 990.386292 1228.601562 1267.982422 1375.453857
540 0.001111 1966.816895 258.187317 2039.000000 466.241272
540 0.001052 1.000000 1123.835571 48.030548 1258.291870
540 0.001019 1996.510742 1360.786255 2048.000000 1476.466919
604 0.667515 1505.322021 971.828308 1676.809814 1098.178223
604 0.002105 1762.315552 91.042068 1916.611450 186.495987
604 0.001738 924.005920 39.269196 1086.568848 169.043671
604 0.001475 1.000000 287.450623 48.092094 431.292847
604 0.001464 1.000000 1454.297485 202.792603 1489.000000
604 0.001069 1.000000 1074.119629 47.090454 1190.230225
140 0.956119 1252.580322 307.126129 1482.801025 481.309601
140 0.015589 613.372437 937.198059 811.716064 1102.257324
140 0.003947 2.986603 86.012222 94.907425 230.435318
140 0.003748 1206.622803 233.003479 1521.408203 529.186401
140 0.001604 1.000000 1452.375977 203.265991 1489.000000
140 0.001332 1.289484 373.307861 48.609840 517.700073
140 0.001278 2.909269 72.061646 44.612213 190.616028
140 0.001203 1996.427368 1363.473633 2048.000000 1475.160400
62 0.822399 687.429688 1260.627563 879.598267 1435.500854
62 0.011110 84.929245 1.000000 278.933228 76.190369
62 0.005090 264.594849 1415.675415 486.783325 1489.000000
62 0.001887 1910.633545 690.713074 2048.000000 844.693054
62 0.001485 31.012344 1.132187 257.072388 30.937054
62 0.001148 1.000000 1450.876465 195.529022 1489.000000
62 0.001081 270.030212 1453.168945 477.911621 1485.409668
102 0.746889 513.778259 195.856628 707.125183 338.705200
102 0.001437 1963.741699 1349.039062 2039.334229 1489.000000
102 0.001340 2002.025879 1345.864502 2048.000000 1489.000000
102 0.001127 814.818237 1.960600 1041.052612 34.657234
1014 0.750928 13.291603 1061.827393 207.064240 1196.837891
1014 0.002144 24.700943 273.753662 175.676147 456.250916
1014 0.001599 1964.056763 1330.711060 2037.214966 1489.000000
1014 0.001464 1.000000 1401.272827 128.259552 1489.000000
1014 0.001330 1.000000 1451.677246 196.451691 1489.000000
1014 0.001296 1651.757568 1.000000 1857.802002 35.531700
1014 0.001080 1.942564 779.606934 47.139610 913.575439
412 0.967861 1394.414551 987.328369 1620.325928 1147.778809
412 0.004277 315.309845 1405.540771 516.396545 1489.000000
412 0.004060 762.642822 1.000000 1004.729736 87.334923
412 0.001857 311.365356 1452.340088 516.685364 1485.383789
412 0.001360 2.639854 1451.533447 192.351562 1489.000000
412 0.001252 1776.555908 1458.988770 2033.493164 1488.267090
473 0.007828 823.187622 451.837616 1041.123047 652.235962
473 0.002698 16.734348 241.252197 101.840195 394.456360
473 0.002361 9.899178 1453.132812 185.648773 1489.000000
473 0.001656 9.229408 183.706223 169.112366 450.518005
473 0.001293 116.245308 1.076719 311.132782 35.580124
473 0.001261 8.815342 1408.869629 129.558701 1489.000000
473 0.001192 2.613482 1127.466187 43.926697 1251.118042
473 0.001155 5.452751 1076.591797 110.569389 1270.493896
473 0.001102 1252.808594 111.828606 1492.354492 276.183350
473 0.001087 1854.365356 1.000000 2044.294312 32.672585
473 0.001063 1.000000 219.805206 46.978836 386.084503
207 0.967924 1653.077026 152.642578 1868.977417 326.073944
207 0.063132 3.557648 201.708847 128.467346 347.705383
207 0.008961 294.584991 26.681915 456.016205 182.318100
207 0.003005 52.009689 222.157013 141.470184 324.115021
207 0.002976 1572.450562 1416.192871 1783.909790 1488.274170
207 0.002782 1848.146118 828.386414 2048.000000 917.015686
207 0.001839 1.000000 1450.002197 210.452332 1489.000000
207 0.001742 1.000000 215.072662 50.364944 334.616486
207 0.001459 9.974159 1398.040283 122.144814 1489.000000
207 0.001436 1854.576416 783.740723 2042.288330 969.815186
207 0.001378 431.420105 1.000000 632.195129 38.210461
207 0.001345 1618.203857 1451.975952 1801.228760 1489.000000
168 0.929154 1555.886597 754.518677 1802.554565 924.621216
168 0.003687 1431.060059 626.735107 1865.238281 1057.525269
168 0.001492 155.037445 1.000000 359.847443 38.361412
168 0.001260 1251.551880 1096.978760 1552.298218 1246.020996
168 0.001076 431.639404 1.000000 628.681396 35.633099
51 0.966107 773.475159 1032.103516 986.317078 1202.400391
51 0.004334 1827.394531 111.165939 2042.655029 323.245667
419 0.756552 1627.364380 1023.632935 1896.260864 1189.347290
419 0.723923 1734.074951 997.547302 2006.274170 1164.403198
419 0.071655 262.229675 644.983826 431.451355 804.604675
419 0.009845 1651.557129 1054.542969 1809.929932 1170.844971
419 0.008687 1922.806152 727.111816 2048.000000 930.190552
419 0.002827 1961.151001 745.436096 2039.802124 890.435486
419 0.002368 8.654694 1.000000 196.893387 44.789536
419 0.002117 1718.438110 1026.081909 1884.916382 1146.499878
419 0.002083 1487.795776 1.009943 1701.729370 34.896172
419 0.001298 500.899323 1458.331055 711.462036 1488.021973
419 0.001094 563.986633 878.227783 757.508240 1001.586548
419 0.001024 5.079071 1450.897949 191.377853 1489.000000
200 0.960213 293.408997 867.368286 592.243958 1039.596558
200 0.037953 1.000000 86.520683 128.973099 229.190277
200 0.020442 1918.238525 918.100220 2048.000000 1069.559570
200 0.005955 1696.858032 295.117310 1890.571167 423.028259
200 0.004725 1.000000 106.308228 52.144936 213.570129
200 0.003621 1215.087646 349.715759 1552.624512 541.866394
200 0.002060 1998.143799 917.033630 2048.000000 1060.488770
200 0.001404 2.740364 1451.878784 192.578094 1489.000000
200 0.001333 1748.473755 4.148559 1988.330444 33.144360
200 0.001109 4.268862 111.022392 19.324850 201.778687
200 0.001062 1.000000 112.934250 116.671799 204.576584
200 0.001023 1.000000 1406.715210 210.274872 1489.000000
103 0.871464 587.161438 1308.495972 825.232483 1464.525024
633 0.411500 829.676514 771.904297 1029.719360 936.253540
633 0.392060 1148.797241 7.659988 1360.111450 89.571571
633 0.042864 339.884827 775.740723 529.829407 925.695190
633 0.009354 1181.397949 3.286888 1363.989014 51.446609
633 0.001698 160.156219 923.579834 355.050262 1117.536499
633 0.001662 987.070068 1061.600708 1168.605957 1157.426636
633 0.001655 1256.939941 1.598159 1465.189941 31.826267
633 0.001134 1.000000 1450.272705 210.622253 1489.000000
633 0.001100 1.000000 646.911377 49.864151 756.292847
633 0.001029 1.000000 8.869629 50.314781 138.508331
317 0.893793 1146.905151 1094.186768 1343.869751 1277.804443
317 0.016630 367.381805 302.689056 522.945557 440.807892
317 0.003221 837.101440 1279.378052 1046.082031 1437.942505
317 0.002892 934.636169 1.000000 1151.348511 38.335846
317 0.001237 1.000000 1455.931152 203.279144 1489.000000
314 0.769107 329.426971 211.347382 543.113281 370.026459
314 0.024042 1926.741211 971.687195 2034.819092 1119.949219
314 0.011608 281.329712 168.408325 608.298889 437.902161
314 0.001747 549.585388 1454.156982 743.632629 1488.942627
314 0.001594 1.000000 1448.702759 208.199768 1489.000000
314 0.001163 1.000000 1411.804932 134.775238 1489.000000
366 0.936792 883.946716 682.463379 1108.969971 853.329956
366 0.502181 65.398331 975.602234 351.201721 1122.228027
366 0.001459 121.918304 1005.492188 311.750702 1100.090820
652 0.968715 1167.245605 583.607361 1449.694092 739.933777
652 0.038143 4.270264 845.302551 228.892075 1009.633606
652 0.008800 1635.091797 191.593170 1862.529785 329.138153
652 0.002594 124.834450 1.000000 313.644440 39.127769
652 0.001754 1.000000 1451.774536 196.441467 1489.000000
652 0.001671 132.797058 5.569180 311.715637 78.385498
652 0.001626 1213.721924 609.345947 1377.707764 722.599243
652 0.001422 1800.313110 3.542479 2013.111450 34.951439
652 0.001286 1.000000 1407.247437 137.669891 1489.000000
498 0.819921 385.868713 1306.598389 597.715698 1460.943848
498 0.004223 350.686920 1272.800171 680.100342 1489.000000
498 0.004114 1.000000 221.647217 96.073174 380.566589
498 0.001789 1371.092651 3.903470 1578.944702 33.734310
498 0.001762 1883.520020 988.491821 2032.800781 1091.902466
498 0.001580 1943.118286 966.398438 2031.578247 1133.536621
498 0.001384 5.683052 255.817642 48.801514 400.067566
498 0.001263 1794.820068 3.301661 2024.271484 34.395615
498 0.001138 1.000000 1.000000 201.373840 39.648941
498 0.001121 1996.393921 1360.856689 2048.000000 1478.340088
498 0.001088 153.362640 1.000000 362.899506 34.020447
498 0.001034 1162.716309 1.528689 1399.944092 32.035931
213 0.799402 1796.700684 1047.020386 2031.330811 1208.233276
213 0.124332 359.144104 431.515106 545.239319 552.082397
213 0.013867 1.000000 115.507622 115.600334 261.001617
213 0.003992 1.000000 125.856796 49.191360 248.336990
213 0.001910 1.847275 1452.293701 191.359161 1489.000000
213 0.001842 1965.099243 859.356445 2038.845093 1067.730225
213 0.001737 1.532433 411.349060 45.187233 536.961670
213 0.001491 638.737427 1.003941 827.944458 36.886719
213 0.001434 1997.718628 1097.726685 2048.000000 1220.024536
213 0.001369 7.611404 1405.625854 127.731827 1489.000000
372 0.854725 1554.066650 605.422852 1765.073730 788.088013
372 0.251044 229.932159 1.000000 416.816010 86.166191
372 0.016280 1582.198120 536.010376 1791.206421 880.881958
372 0.006231 1800.624146 932.163513 2048.000000 1071.754150
372 0.003172 1344.918213 400.817596 1944.376953 1028.982910
372 0.002546 214.535278 1.000000 450.821411 149.167191
372 0.001836 1.000000 1456.597656 202.197479 1489.000000
372 0.001141 3.956528 1416.695190 135.198425 1486.149048
372 0.001042 244.327362 27.852484 337.761749 65.488411
712 0.934757 1212.258789 1153.668457 1423.572998 1331.133057
712 0.047843 1357.590210 496.543396 1560.754517 625.792542
712 0.005038 1726.212280 456.279602 2017.213013 646.462585
712 0.003537 1013.803040 1413.775513 1243.770752 1489.000000
712 0.002059 1030.972412 1452.452881 1211.662109 1487.573730
712 0.001536 1.000000 1453.413940 209.193649 1489.000000
712 0.001313 1177.547852 1454.498413 1373.844482 1487.763550
712 0.001064 373.629822 1.000000 616.269165 34.107277
712 0.001001 12.454556 1409.788940 126.361099 1489.000000
762 0.735122 694.893738 494.060028 928.234314 668.998047
762 0.005452 639.821411 465.860352 1023.456177 709.711304
762 0.001130 1.000000 1453.909424 198.797485 1489.000000
737 0.891391 291.001709 439.867615 518.896118 612.719421
737 0.008621 1759.638794 650.483459 2010.137329 801.142151
737 0.001814 692.821655 1.000000 925.272339 35.851231
737 0.001484 1035.013672 1084.751099 1228.442871 1254.600952
737 0.001134 1680.786499 1.000000 1900.441284 34.722260
571 0.811327 516.277283 902.216125 731.206604 1068.631958
571 0.265498 1372.916626 1.000000 1602.360718 81.693184
571 0.009249 494.884979 625.662292 734.397034 830.051208
571 0.006295 294.310120 50.063797 460.853516 222.402328
571 0.003055 1427.883301 1.000000 1584.328857 48.749710
571 0.001747 616.554565 231.022339 835.863403 374.264221
571 0.001545 1779.847900 1242.092529 1945.422119 1358.655762
571 0.001521 1376.031250 1.000000 1519.501221 41.591972
571 0.001260 1699.313721 1209.737061 2005.536865 1396.541016
571 0.001259 1.000000 1453.037720 201.281143 1489.000000
571 0.001249 507.395203 1.000000 716.445007 34.974537
571 0.001076 9.660271 1263.772705 106.521217 1437.828857
571 0.001068 541.030212 818.848938 762.114441 1164.978760
571 0.001041 2.554985 1299.055298 48.357132 1425.732788
1123 0.665670 1720.060059 1122.765259 1935.651367 1272.448120
1123 0.211414 709.006226 1409.942749 900.007690 1479.927368
1123 0.024131 28.591866 1399.820312 239.606750 1489.000000
1123 0.010082 742.473328 1365.581177 928.957703 1473.587036
1123 0.008208 706.218567 1444.157593 902.846985 1489.000000
1123 0.002789 1732.935669 1.000000 1939.931274 37.645576
1123 0.002260 1325.144043 1.000000 1547.267334 36.121513
1123 0.002244 2.034653 140.572601 179.145264 230.371460
1123 0.002048 18.957863 1446.021118 252.085266 1489.000000
1123 0.001235 1046.002441 1.000000 1281.338135 33.186527
1123 0.001107 1775.643555 3.101601 1960.159424 80.464890
1123 0.001098 727.007080 1175.869263 943.831299 1295.481079
1123 0.001075 1.000000 783.197571 48.486870 910.684753
1123 0.001022 2.170965 951.480652 44.854851 1088.613159
1106 0.977258 1235.375244 1182.031860 1425.123779 1323.451294
1106 0.004745 1714.653931 441.525787 2012.816284 608.881836
1106 0.004254 970.379395 314.982452 1185.165771 450.743744
1106 0.003873 1778.694214 461.951294 1940.567749 583.296021
1106 0.002990 432.239288 2.087198 634.137878 35.014488
1106 0.002010 1.000000 1298.230957 43.358238 1424.493652
1106 0.001511 1748.457886 1154.392090 2012.427856 1331.452393
1106 0.001406 1.000000 1411.661743 134.973907 1489.000000
1106 0.001238 750.002625 1.000000 951.386292 37.393318
1106 0.001181 5.518173 1455.741699 190.838501 1489.000000
1106 0.001085 1261.226685 1.000000 1454.817749 33.861023
452 0.810612 1561.032959 1259.547363 1791.595703 1429.427246
452 0.781476 1277.435425 1084.473877 1508.392212 1246.601807
452 0.003414 1534.246582 1.182409 1740.886230 37.829315
452 0.002383 1568.625244 1117.519653 1810.177979 1489.000000
452 0.001990 1583.094482 8.689663 1760.712891 73.408020
452 0.001850 1.000000 215.385956 221.882935 444.665924
452 0.001536 1.000000 1456.522705 203.911591 1489.000000
918 0.974848 824.006226 567.013062 1042.467529 734.518188
918 0.081060 1616.846436 1274.139404 1861.877441 1390.341064
918 0.001804 505.846863 1.456982 723.543884 34.578575
918 0.001782 555.551636 7.743977 734.297729 74.139160
918 0.001288 1.000000 1453.732056 194.430695 1489.000000
918 0.001167 316.216278 1.899828 513.771484 33.544716
918 0.001063 1852.754639 422.309082 2039.077881 515.745483
405 0.935736 382.892487 84.229965 594.937988 250.165207
405 0.003758 1.000000 1410.438110 207.141205 1489.000000
405 0.002073 1360.817871 1.000000 1599.176514 36.478050
405 0.001501 1654.072388 162.209457 1870.341675 374.680542
405 0.001338 1681.261475 709.800232 1871.874023 865.472107
554 0.755761 1811.799683 1170.067139 2000.046509 1321.813965
554 0.009275 710.250793 507.777893 910.859192 651.404602
554 0.002557 11.729477 1401.850708 183.068939 1489.000000
554 0.001398 1.000000 1444.543457 222.413788 1489.000000
554 0.001079 824.570801 1.647432 1029.530884 33.846634
554 0.001078 312.303467 1268.707153 462.027344 1395.287720
457 0.964748 304.994812 785.579224 518.087585 954.436035
457 0.007762 529.011536 6.334095 692.516418 73.740875
457 0.007597 512.965698 1.000000 706.034180 40.651070
457 0.001931 1738.260254 593.179871 1921.446289 757.344910
457 0.001578 1666.060425 1.131456 1914.283325 37.053246
457 0.001152 1631.764404 1.000000 1772.735596 128.548889
457 0.001064 1965.925171 1329.260498 2040.404175 1489.000000
127 0.942364 679.526123 1045.523193 855.662476 1201.880371
127 0.002994 1845.268066 526.828735 2031.761475 677.838257
127 0.002851 297.071838 1.000000 537.775208 36.832352
127 0.002313 365.362610 3.766953 535.931763 78.912041
127 0.002186 993.670715 616.834045 1273.868164 742.954163
127 0.001714 1421.676392 1.293648 1611.853638 36.422230
127 0.001496 985.740356 1.000000 1175.317749 36.769455
127 0.001267 2000.046997 1346.774414 2048.000000 1489.000000
127 0.001125 1063.345825 314.035889 1353.619019 468.593262
589 0.784450 292.666412 238.277832 509.104645 418.055298
589 0.659059 1158.801636 850.867126 1416.344604 1031.270630
589 0.052231 1941.252075 1088.302612 2040.930542 1261.650269
589 0.006022 1100.364746 798.583130 1496.001953 1071.366699
589 0.004941 1872.069092 1417.936401 2034.439209 1484.583374
589 0.003071 1994.079468 1104.651611 2048.000000 1269.471436
589 0.001792 1891.054932 1129.432129 2025.747070 1244.223389
589 0.001265 1856.973877 1452.466675 2039.573242 1483.505249
589 0.001205 1136.139526 2.327013 1342.934204 34.394539
589 0.001039 1966.211670 613.857910 2036.603760 797.952881
589 0.001002 1.000000 1449.460327 203.219360 1489.000000
41 0.838393 363.301483 55.546898 575.557922 208.341583
41 0.004162 689.389465 1223.323608 858.756165 1369.745483
41 0.002999 376.449188 1.000000 626.340698 283.680359
41 0.002560 1951.661621 1344.634399 2048.000000 1488.276733
41 0.002117 1661.931885 317.337585 1877.993652 441.352478
41 0.001393 1.000000 1453.701538 201.699982 1489.000000
41 0.001183 1501.226807 1.000000 1693.648438 36.222084
41 0.001178 1995.448975 37.520115 2048.000000 162.427170
41 0.001148 198.800018 1.000000 399.663971 34.985886
41 0.001060 1566.910400 1457.550049 1769.795166 1489.000000
41 0.001011 589.402466 1456.778687 784.659302 1488.394653
1122 0.950562 1108.885742 33.438034 1339.654053 180.381943
1122 0.335277 680.394409 1007.398193 869.312622 1146.943848
1122 0.001316 1.923363 69.960831 42.883018 192.421432
1122 0.001306 1.000000 1451.511230 198.903625 1489.000000
9 0.958472 337.495117 532.235779 556.763672 713.568176
9 0.106535 1663.626831 319.005371 1822.491577 496.458069
9 0.042420 697.039673 1.000000 899.380005 75.855461
9 0.004104 1960.846924 62.732086 2034.278076 205.990448
9 0.001898 1557.880371 233.432022 1968.334717 598.255432
9 0.001767 1.000000 1381.137695 227.675690 1489.000000
9 0.001398 1289.602295 601.421082 1453.354248 801.468689
9 0.001319 1.000000 1447.859009 195.151581 1489.000000
9 0.001246 364.092926 1.000000 618.245239 36.611099
9 0.001222 624.734619 1.000000 837.260742 42.114342
9 0.001048 1241.266113 1.000000 1480.346924 34.379234
770 0.086120 507.052338 398.128937 818.697876 580.429688
770 0.017760 716.635254 301.894501 887.548340 467.722137
770 0.013943 587.230835 1072.266602 776.119995 1237.135498
770 0.003458 1.000000 1406.663452 214.683502 1489.000000
770 0.002431 1648.970215 866.197510 1839.250244 1031.363770
770 0.002303 1.000000 1449.978271 194.040924 1489.000000
770 0.001592 1950.499146 1309.699341 2045.574097 1419.726685
770 0.001285 980.471680 1411.444336 1258.236084 1489.000000
770 0.001203 1691.243774 1.000000 1888.420044 33.912182
770 0.001065 86.922432 1458.472534 264.705658 1489.000000
770 0.001054 2001.834473 30.372940 2048.000000 170.680130
864 0.966316 1060.713257 737.967285 1281.845581 910.207397
864 0.003934 1961.058472 1288.153564 2035.917847 1439.627686
864 0.002821 819.379761 1.000000 1035.402954 38.265945
864 0.002418 1.000000 1451.435791 202.167603 1489.000000
864 0.001921 1888.398682 1298.829468 2022.220215 1415.910522
864 0.001877 1369.667480 2.255913 1585.262451 34.875492
864 0.001196 3.754314 1407.665527 131.715073 1489.000000
864 0.001083 694.869995 1.000000 920.714600 34.403526
864 0.001039 2005.431763 1282.945312 2047.435913 1444.688721
117 0.846890 1000.840576 1048.223633 1227.698730 1206.699707
117 0.059692 163.567963 1.000000 361.232513 81.103455
117 0.003181 191.789337 1.000000 379.559235 43.501858
117 0.002496 133.353348 1.000000 310.787781 37.384686
117 0.001163 1132.311890 1.128105 1351.328491 35.127460
117 0.001133 1673.296387 1.000000 1916.010742 34.306808
117 0.001042 728.784973 1.000000 970.969177 33.089016
475 0.224817 351.852844 256.741150 561.535278 391.906677
475 0.001246 1872.678345 1420.627686 2011.962769 1475.870361
475 0.001090 2002.657471 1346.303101 2048.000000 1489.000000
481 0.915428 1545.736450 188.129791 1743.242310 337.410980
481 0.006605 347.272217 1411.115234 565.569275 1489.000000
481 0.002782 76.026253 92.162827 275.449463 308.041687
481 0.001949 1.000000 1449.601196 197.225739 1489.000000
481 0.001794 398.917175 230.254974 614.977600 381.311615
481 0.001405 14.398907 1399.248901 121.498093 1489.000000
718 0.960869 898.319824 144.155579 1128.413696 297.695984
718 0.082177 1023.239746 1017.162842 1250.448242 1184.493408
718 0.001406 1.000000 1452.790527 197.741959 1489.000000
718 0.001212 946.180115 930.771423 1344.253662 1277.106567
939 0.961316 1421.705078 1093.734131 1628.676514 1253.803467
939 0.001083 2.391052 1451.729492 189.239410 1489.000000
364 0.931030 1591.157227 1214.792236 1821.832520 1400.283203
364 0.002471 1511.033569 1088.665039 1837.752563 1489.000000
364 0.001608 1.000000 1402.274414 198.769165 1489.000000
364 0.001202 10.356491 1451.392456 187.628189 1489.000000
423 0.109285 641.784363 104.122932 902.066101 253.034515
423 0.025413 476.232269 753.842529 746.006958 914.231445
833 0.959513 327.224609 1285.730225 546.988403 1447.241943
833 0.915581 247.715179 1.000000 483.634552 146.007706
833 0.001286 1292.791626 658.992920 1622.473511 792.451782
833 0.001107 204.245285 1.000000 516.633911 207.380127
287 0.966261 958.407166 347.018829 1201.329956 529.616699
287 0.003506 1.000000 1408.114014 224.820831 1489.000000
287 0.002688 20.413551 1450.380127 179.860748 1489.000000
287 0.001273 1248.899170 1.000000 1471.389648 35.463371
287 0.001244 882.449280 223.118393 1226.988403 606.268066
287 0.001062 2005.183472 9.535187 2044.392456 191.896744
287 0.001057 726.676270 1162.977539 937.475464 1319.048584
287 0.001046 1.725197 381.036896 49.488838 515.023926
443 0.778378 1834.481201 1216.933594 2048.000000 1373.833740
443 0.016166 612.650085 560.354492 791.411316 723.559814
443 0.002365 1080.872925 250.555405 1308.345093 393.657410
443 0.001493 700.555786 672.874573 835.865601 879.290466
443 0.001445 351.303864 1.610628 556.323792 34.866104
443 0.001433 9.590080 1.000000 191.920929 42.153278
443 0.001415 1670.697754 1246.691650 1921.505859 1336.374756
443 0.001131 1170.394409 1.000000 1388.007935 33.931091
1010 0.959669 1173.832153 494.056213 1390.194214 667.853943
1010 0.002056 1148.252930 302.061401 1485.756104 903.192383
1010 0.001627 1.000000 1452.894043 194.607483 1489.000000
825 0.886435 1469.916260 956.428955 1673.541992 1145.769531
825 0.847044 1745.693359 13.634789 1964.744141 176.674957
825 0.031176 1.000000 394.614258 104.534698 555.425964
825 0.011165 1469.481445 856.698486 1732.489990 1255.471924
825 0.003730 1.000000 417.790558 52.739544 532.108887
825 0.001476 1.000000 1453.179077 199.910767 1489.000000
825 0.001436 21.161385 423.111572 161.967377 529.421570
825 0.001242 1.000000 386.468384 207.228531 602.429138
825 0.001239 431.877136 2.025961 625.703796 35.258965
825 0.001056 1.799900 1246.551147 44.567436 1362.859497
825 0.001051 1.000000 3.760277 53.307785 142.622925
920 0.974521 1170.302979 647.325928 1410.030273 830.325439
920 0.032311 317.291595 1411.468750 505.106720 1487.547363
920 0.001423 1.000000 1452.818726 196.947205 1488.241089
920 0.001411 1142.520752 1.443951 1344.133789 32.458862
920 0.001264 314.997253 1349.485474 535.143982 1489.000000
285 0.983804 1363.355957 532.901184 1597.940430 697.373474
285 0.004671 463.326569 802.877441 680.127686 946.719971
285 0.003435 1321.369141 410.005005 1613.908447 812.639893
285 0.001831 1.415373 922.846802 46.947670 1055.525146
285 0.001213 1551.269287 1.000000 1796.341553 34.354195
285 0.001187 1.000000 918.159485 98.687859 1057.107422
285 0.001137 1963.460205 1324.944946 2042.750732 1489.000000
285 0.001134 1.000000 1069.076294 46.480824 1198.825317
285 0.001010 213.001526 1459.622314 372.361328 1487.222168
667 0.956544 982.512146 601.582764 1212.347900 789.820679
667 0.007777 1938.338867 105.882996 2042.872559 271.402466
667 0.005427 1737.840210 154.145187 1925.755005 322.471008
667 0.002998 1032.097900 478.255188 1226.824707 942.180969
667 0.001127 9.003998 1453.639771 187.027435 1489.000000
661 0.956879 340.263031 203.104767 548.506165 358.432037
661 0.005808 234.169464 746.253296 421.464874 901.175903
661 0.001812 1651.263184 1091.261963 1995.772461 1283.874023
661 0.001559 1.000000 1382.463867 231.510895 1489.000000
661 0.001550 15.096107 1452.283691 184.314148 1489.000000
661 0.001536 1732.134766 1131.805664 1878.880615 1243.462158
661 0.001131 2002.422729 785.030396 2048.000000 901.475098
742 0.880132 274.834747 668.735535 501.111176 832.728088
742 0.006057 1.354820 238.122803 99.243942 371.463806
742 0.004827 1184.241455 688.365173 1465.510010 841.155212
742 0.003918 316.130432 525.169861 533.263000 1001.324646
742 0.002817 1.000000 250.658920 46.056747 355.060669
742 0.002714 898.296326 1414.765503 1109.836914 1487.355835
742 0.001543 4.183678 1451.587280 190.026459 1489.000000
742 0.001525 434.836273 1.000000 626.932007 35.521286
742 0.001062 1805.802368 3.773973 2015.151245 32.833790
248 0.765346 877.989380 1119.036865 1082.316040 1295.365723
248 0.059781 8.868511 353.298096 124.016434 501.914307
248 0.004818 5.596497 306.415405 179.180679 420.234619
248 0.003272 3.073320 377.608582 49.895370 513.328796
248 0.001727 14.186150 1450.797119 179.535095 1489.000000
248 0.001295 1.000000 437.009857 53.489456 564.588013
12 0.920015 511.779907 368.009949 771.837769 541.601746
12 0.004252 1837.100464 1334.517822 2048.000000 1452.812012
1030 0.968364 1138.457520 1136.462280 1401.389160 1314.701050
1030 0.006590 768.888123 459.393616 1027.215332 636.117249
1030 0.001425 1658.787598 1.000000 1849.073486 34.942993
1030 0.001386 1944.343262 230.748077 2045.708984 385.188995
1030 0.001092 1051.853882 1.464234 1275.276489 32.289879
1030 0.001048 1.000000 1446.660400 215.275208 1489.000000
489 0.351118 522.395142 784.045959 693.286743 961.694275
489 0.012990 871.284424 40.505524 1129.968994 219.916412
489 0.003574 784.052917 1.000000 987.340393 38.050461
489 0.003442 452.390656 751.733459 755.178955 1003.206604
489 0.001100 1.662729 1278.630127 46.801750 1446.020020
377 0.641978 778.661011 143.162476 985.950928 295.830017
377 0.004678 837.186157 1273.271484 1013.466675 1440.837158
377 0.001896 1770.150879 1417.646362 1985.767334 1486.893433
377 0.001864 535.694031 1219.526123 758.316223 1348.918701
377 0.001720 1962.954712 1322.310425 2043.283569 1489.000000
377 0.001591 1.000000 1450.942383 204.681732 1489.000000
377 0.001400 715.114258 187.187790 979.703857 391.487915
377 0.001309 1607.367432 56.899452 1942.958496 202.246704
377 0.001221 191.730988 133.474213 393.987274 360.051422
377 0.001217 2001.645142 1349.296875 2048.000000 1489.000000
377 0.001171 1732.218384 1.000000 1932.165405 39.572231
377 0.001052 1793.143677 1458.488403 2015.616577 1487.213013
494 0.735461 383.631409 386.281830 654.856384 580.752991
494 0.354534 28.981865 250.820526 237.084137 421.767059
494 0.002375 783.610596 1417.801392 1072.988403 1487.855835
494 0.001425 5.482018 1450.741577 194.938721 1489.000000
188 0.700095 1081.276489 576.785950 1309.033569 764.771790
188 0.149660 1185.341187 1.000000 1390.550659 81.287689
188 0.033076 506.186401 1.000000 709.719360 101.928772
188 0.019650 1161.740112 1.000000 1419.578979 144.762573
188 0.004845 1203.707153 4.214108 1415.872437 42.235462
188 0.003945 499.807648 1.000000 718.693542 43.306835
188 0.003866 1161.764648 1.000000 1333.520752 40.582081
188 0.001897 1.000000 1452.258667 200.834564 1489.000000
188 0.001621 1.424408 1243.043457 48.386833 1367.882812
188 0.001168 10.655933 1414.574219 126.092712 1489.000000
188 0.001037 115.453972 1.000000 322.397583 34.467545
1073 0.977296 956.361450 1034.049072 1203.270874 1223.028809
1073 0.001523 1729.646973 1408.559204 1947.967285 1489.000000
1073 0.001112 616.392639 1.000000 847.180359 38.539806
166 0.964757 293.994385 1057.532227 519.053040 1204.263428
166 0.001692 35.712608 1421.989868 232.807922 1486.166626
324 0.934534 667.632507 653.528137 871.810120 817.324646
324 0.031906 772.298645 374.613953 981.977234 516.566467
324 0.010778 5.753712 379.900085 117.567993 498.866516
324 0.002935 1.186516 385.298187 47.363174 505.225922
324 0.001516 1.000000 353.487427 180.317337 531.718994
324 0.001508 322.182617 1.000000 511.561829 39.220963
324 0.001363 1.000000 1452.187622 200.114441 1489.000000
324 0.001239 1.000000 439.002869 47.142670 560.805298
324 0.001043 1999.569824 1360.363281 2048.000000 1480.155518
63 0.837460 580.193176 1236.701782 772.047180 1387.458130
63 0.379513 7.028721 535.156128 125.775345 688.745850
63 0.011527 1.000000 542.028259 56.495811 688.442078
63 0.007158 1.000000 482.692719 165.598190 746.039307
63 0.005698 1771.214966 18.536034 1930.610474 185.057465
63 0.003058 14.547474 567.659485 88.550079 715.491028
63 0.002197 525.766479 1196.621704 845.465332 1471.270142
63 0.001762 1999.142456 1353.738159 2048.000000 1485.119507
63 0.001424 1964.215210 1313.276611 2039.734009 1472.242920
63 0.001383 5.933211 530.610535 17.251179 694.294006
63 0.001380 1796.177246 1.000000 2023.350098 32.159019
63 0.001328 855.416504 2.126564 1074.254761 33.389175
63 0.001226 55.705509 579.396484 72.234787 638.302490
63 0.001196 268.789124 1.000000 477.041321 36.545898
63 0.001171 152.195892 1362.561768 338.989929 1480.027588
63 0.001131 1.000000 566.329346 120.347458 662.139893
