712 0.881733 1261.631348 1203.831299 1381.821533 1271.045166
712 0.070747 1413.014282 506.083252 1495.178101 606.800171
712 0.001300 1082.984375 1469.847046 1175.019043 1489.000000
552 0.125413 987.007690 292.960663 1108.964966 364.042206
552 0.042393 1696.953613 567.726685 1807.899658 666.302856
552 0.008825 995.395813 5.933280 1098.138916 19.883093
552 0.005171 80.377686 1317.121582 171.286682 1389.551514
552 0.002648 1029.972046 1472.198242 1133.937866 1488.873291
552 0.002503 443.858490 2.627412 537.761230 17.530895
552 0.002404 1024.521606 1.325290 1124.078491 15.391994
552 0.001751 1.000000 1465.806274 48.186485 1489.000000
552 0.001418 1901.937744 667.276733 1999.154297 747.660400
552 0.001354 1960.820435 1464.676392 2025.028687 1484.188110
552 0.001190 1716.390503 477.012573 1841.116089 723.925537
668 0.343446 1677.309326 266.787933 1774.113525 338.005829
668 0.037268 8.602580 411.617920 37.729809 475.619568
668 0.011108 1.000000 384.962402 52.189323 497.495544
668 0.002689 1961.316895 1455.664795 2028.245361 1487.770508
668 0.002387 1.000000 1464.961914 57.232742 1489.000000
668 0.001480 4.687065 1470.904175 103.313705 1487.548462
668 0.001263 2005.001953 1463.743530 2048.000000 1489.000000
668 0.001221 7.426660 443.682861 27.006035 487.121582
1041 0.403866 1252.594238 822.594788 1341.977783 891.640686
1041 0.155765 5.513435 663.850525 84.963280 735.473816
1041 0.065586 575.712402 399.027222 656.965820 476.505493
1041 0.003138 2024.415039 1063.600098 2048.000000 1151.055664
1041 0.002359 5.533129 639.118347 40.801666 722.381897
1041 0.001794 3.131308 212.040573 26.955467 280.518219
1041 0.001539 4.359859 1031.994263 23.194897 1113.450562
1041 0.001491 322.395142 1425.166016 417.140137 1482.290527
1041 0.001073 326.442841 1457.766113 423.959869 1485.182861
770 0.019598 757.827087 350.593719 854.624329 416.704681
770 0.018941 600.085083 467.349609 716.976196 532.739990
770 0.006637 631.954834 1121.369751 719.909668 1178.694946
770 0.005683 129.380356 4.051861 223.112839 17.501984
770 0.002139 2013.684204 1359.932251 2048.000000 1414.782349
770 0.001813 142.585876 1089.989014 239.846283 1170.750732
770 0.001540 1080.364990 1463.636475 1164.168945 1485.944092
770 0.001487 1685.929199 924.172485 1770.253174 994.759521
770 0.001373 2015.150024 1336.742432 2048.000000 1391.325195
770 0.001142 2006.273926 1460.426636 2048.000000 1489.000000
770 0.001108 3.252205 1123.133423 24.322056 1195.734253
151 0.872321 1644.670166 1228.920532 1737.320312 1286.031860
151 0.001874 2024.429321 581.987183 2047.733765 645.013550
151 0.001506 1128.474854 211.202972 1211.920410 283.745270
151 0.001458 3.952959 494.995697 28.242964 561.703491
151 0.001326 2024.469482 324.541565 2048.000000 403.412537
534 0.823728 1350.756836 1067.711182 1472.818359 1147.212402
534 0.179778 1677.080566 205.697556 1760.012207 278.147339
534 0.050300 2011.119629 1353.655029 2043.110596 1435.186279
534 0.017804 1987.650635 1343.846069 2048.000000 1437.866577
534 0.008836 285.404358 2.314472 385.512634 19.510612
534 0.001651 1707.792969 1.764560 1796.920898 17.513912
534 0.001005 2021.147461 1335.133545 2040.864014 1399.581543
316 0.206057 296.060303 315.776642 387.775391 403.202179
316 0.005450 1508.047363 38.749432 1608.041260 125.134491
316 0.002851 1088.818359 1468.630127 1169.342529 1489.000000
316 0.001941 1353.131836 1471.804077 1444.633545 1487.630493
316 0.001494 5.465884 207.906464 26.984596 278.982880
316 0.001376 2028.159302 1321.395386 2048.000000 1399.340210
316 0.001340 3.769463 176.596848 22.206722 256.612366
316 0.001269 2027.944580 867.289490 2048.000000 935.124695
316 0.001151 1519.110107 57.925068 1590.621582 103.508179
156 0.660107 578.111206 688.271545 667.288452 752.520447
156 0.486360 1117.401245 48.396976 1217.117798 150.619125
156 0.054478 1546.913208 415.676788 1627.345581 476.092865
156 0.010994 1775.631348 644.558228 1876.479492 708.376099
156 0.010368 1042.454346 1461.738037 1143.956299 1489.000000
156 0.005487 1901.002563 1463.867188 1988.694946 1488.273682
156 0.003464 1135.883789 76.519547 1204.236816 127.679398
156 0.002676 1472.201294 2.254029 1561.172729 16.851566
156 0.001403 5.109890 777.093933 23.595453 847.554871
156 0.001179 1.332183 757.890869 29.927982 821.341553
105 0.736549 958.654175 38.630535 1060.458618 118.829391
105 0.017254 930.361633 1.000000 1064.836914 144.690704
105 0.001853 1391.534302 4.166149 1483.240601 15.371241
105 0.001323 801.828552 15.513512 1166.841919 164.106964
585 0.744098 90.828667 652.913879 190.446198 744.894470
585 0.003294 68.199646 626.861633 177.904129 795.119080
585 0.001506 117.277763 235.539124 228.852631 308.803772
585 0.001191 420.642487 477.465607 541.337891 536.348511
585 0.001068 2014.424561 1461.355225 2048.000000 1489.000000
585 0.001050 16.653503 1470.988647 103.291473 1486.359253
480 0.840638 505.109253 1017.856140 591.054688 1095.342773
480 0.002365 514.185852 1031.390747 595.545349 1068.994019
480 0.002053 95.173210 430.182800 213.819977 496.141113
480 0.001556 243.362198 1472.151245 347.416443 1487.565308
480 0.001497 1320.852539 749.112061 1390.329590 806.125610
480 0.001185 7.347953 1070.605957 26.675335 1138.803223
793 0.757368 1071.080933 977.264771 1203.789185 1057.029663
793 0.030472 192.985870 823.421082 312.603333 903.403015
793 0.008308 1166.033081 394.309021 1258.229858 474.863647
793 0.002470 1464.873291 4.925661 1568.739746 19.958374
793 0.002465 5.400347 1385.862061 33.498695 1455.979248
793 0.001839 3.617759 1414.881958 34.741440 1477.873657
793 0.001262 1012.451172 951.774597 1271.743164 1083.322021
117 0.122229 214.808899 2.481085 308.251770 25.470018
117 0.063937 1056.194702 1080.964478 1176.729126 1162.566040
117 0.005388 169.846771 1.619314 348.012360 37.645485
117 0.005228 242.434494 1.883672 327.169556 17.016817
117 0.002171 1642.773560 1135.745728 1738.973511 1196.118530
117 0.001761 224.895172 1.000000 299.582245 50.432819
117 0.001421 2015.526245 496.789612 2044.200562 560.695129
117 0.001224 1962.943237 1458.276978 2028.820190 1488.829224
117 0.001094 140.693634 5.086341 303.461334 21.353489
117 0.001033 285.105560 1471.938232 388.622650 1487.676025
601 0.714707 1557.335693 910.488220 1645.206055 985.012024
601 0.012344 1232.503784 314.588165 1312.925659 381.169769
601 0.001610 755.112976 1471.328125 860.428040 1487.858887
601 0.001081 2.844696 640.562744 30.594343 706.677612
593 0.832923 707.675537 1145.825684 799.094482 1211.636719
593 0.174575 1736.533569 1353.409424 1818.000610 1418.602539
593 0.005498 1958.719604 953.138245 2026.088989 1033.316406
593 0.001476 227.624939 5.758798 359.237366 16.715672
593 0.001381 336.973572 3.581303 413.639832 18.601192
593 0.001139 1945.277466 1465.911011 2036.887817 1489.000000
593 0.001028 1952.352539 974.389282 2038.102295 1014.142456
992 0.849354 1382.192627 389.475983 1476.869629 462.318390
992 0.580627 297.973206 151.685669 390.230591 222.754669
992 0.074654 379.315979 1060.297119 466.345703 1134.869385
992 0.015859 1619.541504 1320.697754 1707.796875 1380.370605
992 0.005640 1928.323853 1105.221313 2021.886597 1176.106567
992 0.004208 1960.345093 1260.528809 2031.208130 1327.640869
992 0.002151 441.156586 669.269287 546.034912 737.077515
992 0.001001 1272.174927 176.059174 1377.067749 279.037140
1031 0.788180 1069.479370 1196.508667 1167.682251 1279.348511
1031 0.007763 2020.019653 203.856339 2043.288696 291.039429
1031 0.003385 410.734955 1319.014160 507.544037 1394.319336
1031 0.002419 1670.796143 4.655238 1764.297363 20.718689
1031 0.001563 1755.472656 1471.167480 1837.348145 1488.538818
1031 0.001397 2001.366333 186.393646 2042.051636 297.775024
607 0.909187 768.873108 378.909607 861.313293 447.357117
607 0.002265 1958.731445 2.602435 2023.595703 26.779274
607 0.001360 56.711170 635.675049 144.720703 703.640137
607 0.001239 178.133911 1467.752441 270.107666 1488.586914
607 0.001054 88.357483 236.073441 181.588654 313.993896
302 0.803417 966.549683 1172.825928 1076.033447 1241.629150
302 0.006904 561.913452 694.011108 648.644287 765.195557
302 0.005196 2024.609375 1117.281372 2045.613525 1196.271118
302 0.002826 2.900557 1459.716797 47.984238 1489.000000
302 0.002780 727.212280 1295.085571 832.280518 1370.640991
302 0.001250 2023.375000 868.153015 2047.227051 937.175598
302 0.001008 1948.581543 1466.051880 2031.892090 1486.284546
630 0.665852 146.177094 645.040955 237.501617 712.589294
630 0.501598 1056.313843 218.007553 1147.435669 290.288971
630 0.005328 600.037842 631.069153 677.858032 710.603210
630 0.001677 3.584271 429.572388 23.927170 514.185547
630 0.001406 2023.382568 408.093506 2046.318359 487.474731
630 0.001363 2010.215576 1462.719849 2048.000000 1489.000000
491 0.843773 1545.260986 1233.415649 1644.966064 1297.505493
491 0.068168 916.169434 1461.413574 1007.449463 1488.264160
491 0.042333 738.569397 1413.408447 819.692322 1489.000000
491 0.016290 722.609436 1458.963623 828.711975 1489.000000
491 0.002310 908.505920 1421.983765 1021.646667 1489.000000
491 0.001521 945.636597 1471.383179 1044.874023 1485.573120
81 0.158761 170.186890 533.338257 258.556091 596.542725
81 0.009620 13.400387 91.409004 97.824341 176.700256
81 0.001805 3.329793 44.712601 32.677200 99.177460
81 0.001503 562.696655 1471.009644 667.934692 1489.000000
81 0.001276 289.006897 2.992879 381.859985 19.636559
81 0.001061 1918.150146 1179.810181 1998.195068 1270.937622
566 0.872759 1185.528564 1103.290527 1276.587158 1166.193359
566 0.065154 860.397034 152.492554 939.894714 234.798889
566 0.048592 530.517883 585.677185 627.267273 657.564148
566 0.022495 1445.378174 712.737549 1539.475586 788.024780
1095 0.849776 323.835510 283.101654 441.752930 352.139862
1095 0.001715 999.557129 1467.808594 1093.531006 1487.580078
602 0.869662 56.078018 662.947876 153.225266 754.241211
602 0.145193 1745.773315 528.378723 1835.259155 595.522522
602 0.002145 479.513672 1466.374512 591.552490 1488.870605
602 0.001999 2006.815674 1463.031860 2048.000000 1489.000000
602 0.001943 1518.339844 180.618073 1608.468506 265.000824
1068 0.828502 331.818665 313.051758 431.455688 385.742676
1068 0.243402 1809.329102 58.938385 1939.405029 147.441025
1068 0.042964 572.551575 947.080078 662.338928 1014.425293
1068 0.011267 1853.665771 460.894257 1951.110596 530.619141
1068 0.001394 2026.716919 1034.758789 2047.602417 1115.102539
1068 0.001387 1472.115845 1467.782349 1574.192993 1487.605103
646 0.567423 551.523560 894.421936 674.060181 957.189880
646 0.127604 307.760712 307.269836 422.198639 358.761780
646 0.010735 953.736511 1295.868164 1059.267212 1377.456543
646 0.006937 514.863098 881.342468 647.862732 939.710022
646 0.004299 738.688477 231.472992 808.993286 266.154022
646 0.004136 531.040588 890.608398 627.335632 926.734985
646 0.004002 570.823547 891.155518 654.225403 934.311768
646 0.002511 734.593262 200.713928 810.977539 292.928650
646 0.001400 2007.319824 1461.658569 2048.000000 1488.616333
646 0.001046 744.080566 249.848694 794.305908 280.834167
646 0.001032 1.305815 578.184631 24.062387 653.886902
367 0.682429 533.126099 778.280640 628.548950 854.312866
367 0.564759 1609.525146 965.326843 1694.647705 1031.210938
367 0.090008 230.123688 1175.979004 317.856720 1251.565918
367 0.049010 1360.573975 1115.709351 1484.248047 1188.665161
367 0.003365 499.051453 684.404846 641.107727 951.501526
367 0.001947 215.921448 1470.157715 307.958862 1486.272949
367 0.001708 554.781555 789.661072 635.741150 831.275818
849 0.464629 464.655212 76.359314 552.771484 148.124634
849 0.351736 1985.163818 764.768494 2048.000000 856.057312
849 0.005581 1966.983643 785.085083 2048.000000 837.559570
849 0.003893 9.504549 355.847229 43.476913 423.289978
849 0.001663 10.791056 325.743164 35.281700 397.538330
849 0.001170 5.836206 628.691956 22.722111 714.727356
1102 0.337188 261.083893 767.236633 356.907867 830.894714
1102 0.026198 1165.712280 1460.787476 1263.492065 1487.383423
1102 0.017158 1153.349243 1447.013184 1304.211548 1489.000000
1102 0.003666 2024.421509 1007.029053 2046.304810 1086.139648
1102 0.002679 1.000000 1458.277832 52.605469 1489.000000
1102 0.002014 14.440292 1466.200806 94.953918 1488.426636
1102 0.001834 2008.962524 1458.941650 2048.000000 1489.000000
1102 0.001519 2.426016 1423.320679 31.450806 1478.303589
1102 0.001404 1143.593750 2.290440 1263.803223 17.239304
1102 0.001168 680.419189 1476.540649 777.539062 1487.450806
1102 0.001097 1186.812256 1424.838867 1272.371826 1489.000000
541 0.819677 1620.279541 709.011658 1704.158203 774.574646
541 0.001012 169.644211 5.839973 270.909271 19.191435
965 0.713213 436.718536 1319.977905 525.549011 1382.594604
965 0.615831 1720.376099 231.524384 1813.402954 302.477753
965 0.001907 1682.502075 299.927368 1756.597778 361.771545
727 0.636305 249.424240 1294.825195 371.292877 1359.139893
727 0.116324 941.115601 983.692261 1081.812256 1067.068970
727 0.017983 632.136719 815.806641 724.088379 893.331665
727 0.004930 704.190735 1351.951538 827.189270 1435.336548
727 0.002517 363.259125 3.755406 468.933624 19.568638
308 0.531214 971.712402 885.648682 1066.886597 954.124634
308 0.169899 2008.333984 1026.573853 2042.518799 1118.137573
308 0.037293 976.369385 435.050995 1063.053223 521.510559
308 0.029737 1964.874268 1027.285156 2043.039307 1110.871582
308 0.014380 1890.416870 871.287048 1989.909546 931.355774
308 0.012943 928.082703 1263.127930 1083.483643 1333.550537
308 0.001910 1972.018188 1048.730835 2048.000000 1098.068237
893 0.919870 948.151978 1197.320190 1045.835449 1293.824585
893 0.002471 1.000000 1464.309692 50.243294 1489.000000
893 0.001708 2006.355591 1461.759155 2048.000000 1488.119263
893 0.001559 1906.411987 1469.942871 1997.858765 1485.404785
893 0.001259 2025.912231 1417.211792 2047.954956 1485.005493
893 0.001069 1546.142334 1463.136719 1636.920166 1489.000000
354 0.706345 441.938690 548.147217 570.117981 617.653198
354 0.143367 1833.006226 1450.629028 1905.450806 1489.000000
354 0.017241 1805.319214 1422.425049 1924.872437 1489.000000
354 0.003768 1789.007690 1463.396484 1898.112915 1487.940674
354 0.001269 1765.312012 1449.679932 1919.111328 1487.064697
354 0.001154 1314.898438 1470.845703 1405.103271 1486.934570
354 0.001143 2007.448120 1465.504150 2048.000000 1489.000000
1030 0.916944 1213.556885 1191.869263 1330.318604 1261.595093
1030 0.037217 1960.364624 1458.388062 2023.711304 1489.000000
1030 0.001621 2026.850098 264.480957 2046.827393 347.338196
1030 0.001472 1.215240 1462.380859 46.787163 1488.125244
1030 0.001299 2.725884 61.669975 20.981018 139.211700
1030 0.001276 2023.471680 294.362000 2048.000000 361.651306
697 0.733380 1381.317017 247.757462 1513.105103 323.541595
697 0.011284 1467.207764 1232.366455 1558.691162 1308.423584
697 0.005405 1545.481689 2.966265 1635.854492 19.753046
697 0.003331 182.268982 644.191956 268.311249 701.997986
697 0.002926 1513.956421 4.901562 1613.554810 22.417084
697 0.001809 1827.198975 3.068407 1905.243408 16.724434
697 0.001297 1793.057617 5.504087 1883.078613 21.471323
697 0.001139 2022.115967 267.571259 2048.000000 333.714508
288 0.872938 1715.387085 708.421997 1799.914673 793.338257
288 0.018386 220.624695 1.000000 305.100647 64.868828
288 0.005237 431.213287 1235.669800 509.294403 1313.959106
288 0.004784 2023.453613 384.146729 2046.180664 455.597900
288 0.002681 615.960266 325.673645 706.250671 404.565063
288 0.002156 1757.453979 1465.029907 1840.941528 1486.068481
288 0.001498 178.728333 547.062256 264.735168 617.110352
288 0.001103 439.783783 1472.895142 546.511658 1486.826050
366 0.611314 150.123795 1015.867126 274.617249 1087.085449
366 0.563547 946.180054 722.620544 1048.876099 805.020569
366 0.008469 1503.023682 1269.000610 1590.474121 1340.201294
366 0.003800 937.067810 756.793518 1026.175903 802.782288
366 0.003622 977.048279 706.354126 1028.076294 774.544434
366 0.002416 2026.862671 805.659241 2047.039185 880.797791
366 0.002412 490.320282 1470.462280 583.808472 1488.745728
366 0.002293 953.770142 698.030029 1111.276978 780.419189
366 0.001620 954.753540 665.104980 1020.349121 864.266602
366 0.001046 1505.105835 1470.486084 1598.699341 1487.129639
515 0.685133 213.149536 838.497620 313.949341 917.624084
515 0.460437 1007.710510 247.207687 1106.664917 317.320374
515 0.040062 2017.872925 628.634888 2042.263550 714.609863
515 0.010617 900.537903 152.436142 1038.598877 221.569473
515 0.009018 1860.411133 12.884342 1984.870361 58.588932
515 0.008652 1906.252686 4.524583 1975.372559 33.513023
515 0.003213 1889.961792 20.447020 1953.655396 55.017975
515 0.002965 2002.587036 607.579163 2044.932739 692.842834
515 0.002941 1872.162109 1.000000 1965.062256 36.656513
515 0.002513 1601.149536 753.844177 1686.531128 841.333557
515 0.001776 2010.102173 1461.947998 2048.000000 1489.000000
515 0.001654 1966.308228 629.197144 2028.525269 712.628784
515 0.001081 2.395407 1463.462036 47.405617 1489.000000
130 0.041087 1931.271362 1.000000 2036.643677 24.210258
130 0.027403 1048.132446 1024.135010 1174.121948 1102.148193
130 0.004376 1208.022705 901.354309 1307.328125 983.205627
130 0.002568 1898.149780 2.563782 2048.000000 36.344875
130 0.002375 1626.254883 633.202515 1707.307373 699.623779
876 0.853120 843.973022 1194.669800 937.926880 1264.000610
876 0.017199 350.107086 592.492004 443.507904 658.740662
876 0.004883 4.375078 922.760925 38.099861 1004.037903
876 0.002805 2020.571289 552.126709 2045.716064 623.988037
876 0.001186 2024.649048 578.473999 2048.000000 648.572266
1028 0.512780 1303.182861 628.468628 1398.650146 704.557007
1028 0.028246 381.187866 167.562042 466.568237 245.901978
1028 0.005932 1005.362061 567.922424 1112.467041 675.149475
1028 0.004296 294.657440 689.717224 380.445709 761.374207
1028 0.001729 1424.847900 91.148911 1524.038818 167.674118
1028 0.001407 970.917114 659.529785 1067.541748 731.631226
1028 0.001057 212.654984 1472.051758 299.520813 1489.000000
1028 0.001009 1.844082 311.892059 24.089993 401.684418
294 0.004361 827.450317 221.524811 941.752319 280.503876
294 0.003380 776.750427 507.481781 862.636414 607.888245
294 0.003310 298.563049 631.264832 392.753723 710.906921
636 0.803724 1225.261475 914.889648 1306.134521 984.704590
636 0.004772 203.716644 1280.681152 288.155487 1331.578613
636 0.002842 1632.484131 121.392647 1724.391113 182.337372
636 0.002639 1705.257324 3.336748 1792.571045 18.950640
636 0.002212 1683.984009 931.375854 1762.221558 993.977051
636 0.001668 841.980408 1471.497437 942.682312 1487.451294
636 0.001336 1671.364380 3.019178 1761.796265 24.750605
731 0.782356 882.499512 956.505005 1023.105713 1036.828491
731 0.075536 1.202393 215.479187 51.012253 282.021088
731 0.009607 1813.291870 1040.785278 1904.300415 1102.207153
731 0.003445 5.095206 489.799194 30.851418 569.865234
731 0.002527 2.703608 1097.088135 25.287718 1171.474121
731 0.002412 16.810118 217.471222 78.157600 264.484283
731 0.001762 1.000000 468.604919 25.645519 539.926270
731 0.001301 207.150421 1359.172363 306.535614 1434.791504
731 0.001185 1818.787476 1470.457886 1936.362671 1487.862183
604 0.717140 1553.025635 997.164001 1635.329346 1058.050171
604 0.005880 965.027527 747.152893 1047.337524 826.308777
604 0.003612 1054.859009 235.570984 1124.509644 313.940308
604 0.001152 3.692198 1102.499634 29.453827 1160.639771
604 0.001145 971.054749 64.287949 1045.370483 146.630920
734 0.849475 413.595917 1357.234985 509.640472 1441.676636
734 0.001469 217.362839 1469.119019 299.517639 1485.419556
734 0.001428 1951.176514 3.300787 2030.002930 21.526169
734 0.001398 366.861084 1343.305664 521.020386 1390.315674
1069 0.656686 608.938416 260.903839 700.747253 323.080353
1069 0.033229 2005.264404 1054.127197 2047.806152 1100.941650
1069 0.011808 1942.927612 1040.071899 2048.000000 1114.784058
1069 0.008754 1994.747559 1028.653931 2046.962402 1122.974243
1069 0.002163 1967.587891 1050.592651 2036.289551 1094.927368
334 0.787931 1523.722046 1239.940186 1619.810181 1307.519287
334 0.007882 135.429642 1412.413940 247.309280 1489.000000
334 0.001681 2023.838623 1240.667725 2044.240479 1315.321289
334 0.001582 136.845291 1457.369629 233.300522 1487.694092
627 0.850878 841.111572 1081.130859 994.103760 1140.934082
627 0.008899 1122.716309 80.255768 1216.638916 158.953506
627 0.006977 639.073608 2.696079 731.335938 15.984621
627 0.002447 5.414421 245.404312 33.474613 306.184235
627 0.002277 598.835449 5.559477 711.311523 20.213747
627 0.002136 1908.333984 1469.165161 1996.603516 1489.000000
627 0.001329 1.680159 1462.361694 49.401367 1489.000000
627 0.001207 1530.621582 279.798950 1639.189209 336.066833
627 0.001144 1.204410 1419.640015 32.032936 1481.868042
627 0.001071 3.711131 271.235535 30.432949 326.630859
627 0.001069 1241.884888 4.115019 1317.448120 17.091158
1112 0.779648 999.743469 1329.362183 1102.615356 1402.754028
1112 0.012891 1856.318481 1464.460938 1952.707642 1489.000000
1112 0.004325 452.017181 1470.043457 535.313721 1488.110596
1112 0.002596 977.401306 1285.779297 1114.784424 1423.466309
1112 0.001643 1.546635 1462.457764 47.128819 1489.000000
1112 0.001254 1376.661621 1472.692383 1496.819824 1486.622070
691 0.863464 1542.432129 313.450287 1643.469971 385.323944
691 0.186580 6.804396 1208.430176 50.662117 1273.534424
691 0.177374 608.387573 36.254066 698.493286 113.408348
691 0.077758 811.916626 952.836548 905.948486 1036.022461
691 0.014828 3.788254 1197.365967 41.339718 1252.142090
691 0.003923 10.240110 1039.745239 32.446594 1107.266479
691 0.003684 6.486893 1191.884155 84.167244 1263.682983
691 0.003086 1955.648071 1461.909424 2036.229858 1487.670654
691 0.002430 1.000000 1222.732422 91.672539 1265.571777
691 0.002073 2023.174683 432.257477 2047.092651 514.237549
691 0.001892 2005.917847 1463.494751 2048.000000 1489.000000
691 0.001005 8.840961 1004.174927 27.815765 1093.590454
930 0.751826 702.991394 462.889130 832.753357 552.687744
930 0.004158 2018.165527 41.839249 2044.710938 104.412994
930 0.002502 644.184082 448.842285 881.807495 571.930359
930 0.002326 1471.340820 1471.080322 1570.698242 1487.487061
930 0.001788 956.986877 237.161285 1082.856323 313.297028
930 0.001507 926.886719 1466.927124 1013.074341 1487.370239
443 0.875026 1906.456787 1264.414551 2021.041504 1327.926514
443 0.002751 668.140808 593.216370 742.603943 676.602112
443 0.002074 1315.494141 2.789698 1407.519775 17.283642
443 0.001897 1.816847 1463.683228 50.470421 1489.000000
437 0.864597 507.598999 1267.840820 605.791382 1357.337646
437 0.004808 826.481934 793.529785 900.112671 896.308350
437 0.004743 478.554260 1221.922852 598.496033 1394.435791
437 0.003699 477.937347 1159.693359 656.735657 1446.132812
437 0.001255 559.427063 185.423355 639.880310 251.322067
437 0.001250 651.347046 6.489127 726.535767 17.895468
437 0.001069 2028.266357 1256.657104 2045.203369 1351.961548
528 0.775862 985.267578 1309.401611 1071.601562 1397.770020
528 0.005492 1317.730591 5.980897 1412.209839 20.769060
528 0.005415 953.153931 1275.450195 1048.814209 1419.544189
528 0.002704 1344.548218 1.320065 1436.227905 14.297846
528 0.002267 2007.935547 1460.996582 2048.000000 1489.000000
528 0.001399 2023.926025 1418.595947 2047.693848 1488.164795
528 0.001193 1597.668945 1355.836792 1679.979248 1412.856323
383 0.436325 537.062012 109.677292 661.091675 198.391464
383 0.117624 1182.516968 1410.908691 1308.234253 1483.229492
383 0.098554 1184.573975 384.447998 1280.216797 449.465210
383 0.049038 7.896618 1001.999451 79.461533 1092.040039
383 0.016213 1198.124146 1455.341919 1290.361694 1485.745972
383 0.007387 8.519291 1025.565918 59.250591 1071.065674
383 0.005112 128.478668 1295.946655 220.883270 1368.259888
383 0.003613 1010.806274 1473.464600 1161.250366 1489.000000
383 0.003565 1310.655762 2.036601 1406.980957 17.937794
383 0.002500 1221.088867 1463.980225 1319.958984 1489.000000
383 0.002428 1164.244385 1447.246460 1316.872559 1488.582153
383 0.002014 1109.800537 1475.488525 1211.714600 1489.000000
383 0.001914 145.096558 714.052368 280.557037 759.961670
383 0.001118 1912.611938 1473.107544 1993.556030 1488.936890
255 0.733931 1467.828735 487.104980 1594.715454 556.489624
255 0.010191 220.907944 601.082642 303.847839 675.000854
255 0.004609 1311.747681 1207.815186 1404.748413 1264.052002
255 0.002178 558.728638 1472.771118 660.886353 1487.942993
255 0.001682 2025.508301 1263.738037 2047.135010 1341.105469
255 0.001076 1.000000 1178.461792 20.661964 1260.241089
255 0.001047 2012.482788 1464.130005 2048.000000 1489.000000
723 0.879541 548.870239 1203.684082 645.661011 1282.750000
723 0.008363 566.325928 955.660950 665.765991 1034.237793
723 0.005377 969.543335 434.363678 1057.441162 498.550629
723 0.002293 1357.459595 1467.805176 1448.235229 1486.021240
723 0.001876 1709.432251 1466.785156 1791.752319 1485.911133
723 0.001646 1671.351074 1468.391968 1771.445801 1488.108521
170 0.838004 1063.753540 228.672348 1188.653687 297.939331
170 0.117104 858.559753 1139.937988 936.958069 1217.020020
170 0.075430 1644.783813 566.638550 1725.839478 663.233643
170 0.024626 499.736145 316.908752 593.595886 401.541321
170 0.016081 1297.794800 469.426361 1408.107544 556.320740
170 0.003140 440.756439 1.956915 544.345520 26.470741
170 0.002683 1188.072632 1.861176 1288.509644 15.980779
170 0.002207 1427.929932 1465.942017 1521.013184 1486.835083
170 0.001348 1401.168701 1464.955078 1489.703857 1489.000000
170 0.001101 569.455383 1474.581909 662.059265 1488.161987
400 0.742709 187.632141 670.180359 275.876617 745.740906
400 0.209452 1391.418579 1456.413696 1479.805542 1488.834839
400 0.019760 1384.523560 1420.703369 1489.274780 1489.000000
400 0.010397 1266.344116 1461.603882 1362.507446 1487.179321
400 0.003421 645.535034 1294.829590 800.703247 1361.263916
400 0.003393 877.504456 1469.366577 963.971619 1486.409546
400 0.002462 344.157013 112.229187 425.260101 185.108978
400 0.001274 572.223511 717.371460 676.250244 795.707764
400 0.001183 1960.419922 1460.078247 2029.855225 1484.512573
400 0.001126 1409.404297 1468.910889 1519.681885 1487.769287
400 0.001093 2013.081665 1461.134155 2048.000000 1489.000000
400 0.001077 1242.569458 1468.435425 1343.317261 1489.000000
525 0.687447 1616.618164 1069.893311 1700.493896 1140.429443
525 0.001339 1004.161621 314.528931 1097.711182 382.006897
811 0.752597 623.403381 324.142395 740.548401 416.433960
811 0.033426 1447.281616 1347.013428 1572.104126 1420.075439
811 0.009782 1660.785645 1332.270386 1764.908691 1405.231323
811 0.002929 3.850533 779.824463 28.502201 856.067017
811 0.001094 1.671007 1053.722900 26.080997 1153.146973
811 0.001061 1915.204956 956.332825 2004.209595 1038.907349
376 0.715521 1346.267334 707.299622 1449.827881 792.615417
376 0.003188 1.081109 1007.251526 25.046150 1084.612793
376 0.001535 1346.009033 665.452637 1426.228760 852.747925
376 0.001344 2026.443726 677.312256 2047.417358 734.484863
376 0.001323 679.255493 1470.924316 784.185181 1487.498779
853 0.782842 240.108398 162.837799 338.660156 236.455780
853 0.039335 804.755798 1461.332886 898.145325 1489.000000
853 0.019591 1422.473145 844.075500 1531.184082 929.133484
853 0.003254 2016.230835 528.347717 2042.814575 589.482483
853 0.002838 1102.783936 2.189929 1212.067627 15.296263
853 0.002144 818.323547 1466.961426 933.117981 1485.343506
853 0.001931 760.652283 1467.927979 876.480408 1489.000000
853 0.001651 1052.121338 4.567575 1200.594482 19.618973
853 0.001587 728.491821 1.680351 803.134521 16.817146
853 0.001209 3.209425 1462.671387 47.078682 1489.000000
853 0.001087 146.711792 1316.975098 226.701080 1406.985596
1052 0.906482 1919.393433 1233.588867 2008.747681 1308.883545
1052 0.331309 575.074219 963.896973 659.665894 1032.674683
1052 0.062760 1601.496216 667.076843 1691.573608 749.392517
1052 0.003002 875.230286 916.358826 995.725525 987.665710
1052 0.001584 2.525531 1092.413818 22.899292 1171.223389
1052 0.001343 1512.951904 1471.623413 1592.856934 1487.390259
1052 0.001189 2018.900635 1156.854980 2048.000000 1225.343506
1052 0.001099 910.789429 936.476379 1009.942383 983.166565
74 0.406261 1249.876465 1364.709961 1377.354004 1454.112061
74 0.029889 730.853882 405.641052 835.638916 484.499512
74 0.019777 1238.858765 1279.834229 1363.972778 1489.000000
74 0.003473 481.303680 1064.956055 597.100037 1133.400879
74 0.003111 1183.014526 929.087769 1285.226685 1010.531128
74 0.002603 1678.222656 1.487257 1767.148682 38.411339
74 0.001003 13.031490 1471.786743 106.146439 1487.103149
795 0.742178 870.245667 1226.233521 1005.740051 1317.140259
795 0.417913 344.610291 1082.831787 461.017517 1170.962402
795 0.049199 138.529755 1152.068481 273.002106 1227.143188
795 0.013816 842.554565 1207.240356 1036.525757 1356.819214
795 0.002347 935.057434 1189.928955 994.449036 1318.043457
795 0.001253 15.292171 1471.618164 106.049591 1487.876709
795 0.001005 1949.961914 1464.241943 2027.971924 1482.382568
435 0.920393 1465.942993 482.149780 1562.882935 557.342407
435 0.008072 701.072510 1354.964355 830.131348 1460.395264
435 0.001333 1.000000 1269.157471 25.470066 1342.615234
1048 0.302221 1533.798340 318.902161 1626.231689 399.119202
1048 0.018979 1351.984009 1297.177856 1448.918823 1375.474487
1048 0.003653 221.946503 1461.229492 294.804291 1489.000000
1048 0.001991 1528.795166 311.874481 1601.010498 367.495331
1048 0.001259 411.655945 359.020752 499.027100 451.175537
361 0.559017 1404.014771 286.274445 1521.699097 358.876129
361 0.007554 1.000000 1344.726196 108.261093 1412.050171
361 0.002136 1917.439331 1053.955078 2009.315796 1146.916260
361 0.001221 1409.818481 290.538757 1496.982544 331.229370
46 0.725989 632.860962 942.663330 734.350586 1026.204102
46 0.051086 2016.809937 226.390991 2045.794067 313.482483
46 0.012519 1992.920898 214.728851 2047.574951 319.644073
46 0.002441 1428.660156 833.613525 1507.845215 891.607788
46 0.002180 2019.767334 36.074852 2048.000000 102.211082
46 0.001996 2.949465 382.066498 22.101864 451.805450
46 0.001623 2026.382935 863.556335 2043.605835 936.862732
46 0.001543 2028.119751 837.903503 2046.087036 916.480896
46 0.001481 1732.921875 13.477467 1804.443848 90.085739
46 0.001281 1906.432129 1468.484253 1989.166992 1487.975952
46 0.001083 1401.570068 819.777649 1535.887451 907.117371
546 0.771658 274.761688 892.158569 363.334442 960.426392
546 0.028220 839.994934 4.013904 923.933655 31.218075
546 0.019968 1244.723267 78.438248 1323.564819 176.941833
546 0.004141 1237.908203 60.031036 1356.910400 236.363434
546 0.002985 803.786987 5.954317 961.026123 38.864700
546 0.002021 837.274475 1468.021973 927.498962 1487.762695
546 0.001995 836.035889 1.000000 926.329346 66.286270
546 0.001080 653.909729 608.124023 752.450378 687.711182
464 0.514663 1737.659302 712.984253 1861.015015 785.814819
464 0.004473 912.124634 387.491608 1002.060181 447.131622
464 0.002924 2008.363037 1461.013306 2048.000000 1489.000000
464 0.002830 1729.335938 649.495056 1798.053467 810.713562
464 0.001992 1904.069702 2.411526 1994.250610 25.143532
464 0.001269 701.744202 617.335510 777.707458 687.654968
464 0.001181 2027.078003 1411.244751 2047.766235 1489.000000
464 0.001069 1.000000 1460.984497 48.297516 1489.000000
197 0.903993 705.674744 1315.429443 837.645081 1391.046875
197 0.642568 1852.525391 322.337555 1985.494385 396.529633
197 0.013457 1725.145630 1395.531494 1810.465454 1483.505127
197 0.001894 673.129517 1465.201660 771.624634 1488.561035
542 0.809179 1278.173340 377.321716 1371.305420 450.053040
542 0.032999 8.758583 10.214668 41.750626 85.997437
542 0.023373 1.000000 1.850235 61.180458 89.704697
542 0.009916 12.271141 43.096893 31.983925 90.242767
542 0.001458 6.805902 684.510010 24.829903 777.196167
542 0.001109 1581.930786 73.949463 1671.375122 146.023682
761 0.833185 1624.454346 682.718018 1725.161865 762.217163
761 0.008853 1902.216797 411.715088 2019.454590 488.728760
761 0.003663 2020.020996 1190.959961 2043.494385 1250.908691
761 0.003037 1945.999512 1196.743896 2022.025146 1297.222656
761 0.002829 1586.627686 646.743835 1765.588623 797.404846
761 0.002356 125.389862 1204.362549 238.696198 1282.062012
761 0.001999 2011.985107 1465.301880 2048.000000 1489.000000
761 0.001365 255.128601 1471.199829 342.347473 1487.063110
725 0.186368 1091.512329 492.980316 1219.098999 567.415894
725 0.026292 266.791382 994.275757 357.222839 1083.122925
725 0.017791 1632.709595 2.222604 1719.015747 22.401325
725 0.003958 1391.067017 4.468055 1490.506958 20.463734
725 0.001808 1414.561279 1.000000 1524.842773 14.157673
725 0.001157 1300.707153 780.837585 1397.951782 852.767273
725 0.001131 1955.440063 1458.495239 2022.125122 1489.000000
725 0.001026 201.350937 468.844879 277.729492 533.764404
726 0.836860 1052.441284 1125.236450 1169.321899 1192.157837
726 0.046614 1560.044067 1023.793030 1657.361694 1093.692017
726 0.016019 268.780487 1298.204712 349.986847 1371.452515
726 0.001651 320.945343 777.210876 412.881500 859.342468
726 0.001616 15.572838 2.583016 96.637993 20.005215
726 0.001584 1508.758179 476.681641 1598.938843 549.215210
726 0.001097 1944.780762 4.141222 2037.667480 20.261690
892 0.228264 1555.341064 394.770691 1643.744385 496.974121
892 0.001797 2010.091431 1462.743774 2048.000000 1489.000000
892 0.001629 1615.385132 1352.854614 1708.372925 1436.568726
892 0.001158 1543.858887 2.915010 1637.316650 13.551489
976 0.826176 1167.601196 598.775879 1289.831177 668.230103
976 0.004149 373.919739 185.588257 457.761292 257.624786
976 0.001279 1.795918 1463.324219 47.036659 1488.813965
458 0.865784 1873.030884 285.394745 1975.819214 369.130035
458 0.173358 1738.646729 1458.997314 1829.042480 1488.727295
458 0.009563 1891.651123 254.685974 1936.678223 401.152222
458 0.008621 1737.442383 1428.736450 1837.424561 1486.480347
458 0.002251 1700.748291 1445.789673 1825.913574 1489.000000
458 0.001933 1890.461670 305.027344 1974.446289 348.665649
458 0.001520 1768.880371 1465.653687 1872.058594 1487.136841
458 0.001351 1656.264160 1471.371094 1776.695312 1486.581299
458 0.001159 1629.132568 1471.628418 1724.035156 1484.630371
172 0.764470 1139.106201 580.619934 1235.920654 653.466614
172 0.001230 1124.405151 549.584351 1262.106323 674.724243
172 0.001201 1944.532959 1466.169189 2037.634521 1485.766846
172 0.001176 171.435379 331.212372 258.546661 403.064117
1097 0.062192 1934.197144 1164.053833 2048.000000 1221.471313
1097 0.002810 2022.825195 202.046692 2044.421875 284.963409
1097 0.002657 2003.376099 1167.692749 2048.000000 1218.233032
1097 0.002073 1211.850342 8.066847 1267.464111 22.834423
860 0.909097 212.738373 426.857117 301.533783 498.240417
1035 0.903691 1204.218262 736.886536 1288.980713 798.147034
1035 0.003831 1043.259033 1177.196167 1124.032959 1243.577759
1035 0.002346 498.466858 812.022949 592.396057 883.598755
1035 0.001401 755.308594 4.465308 863.202515 18.104805
1035 0.001274 1317.633789 1472.348877 1404.005615 1487.779053
1091 0.648300 1502.901367 759.259644 1629.351562 831.506958
1091 0.001726 6.521958 953.348755 34.996143 1027.012207
64 0.554489 1289.564575 870.936035 1383.293335 969.905151
64 0.134258 1771.398193 723.569580 1889.879395 793.794678
64 0.007302 2009.946289 90.833130 2042.126221 160.671402
64 0.002133 1156.516602 845.711731 1462.598389 957.104309
64 0.001469 1031.866943 3.277266 1147.357422 23.219942
64 0.001374 1511.045410 1469.092041 1606.271484 1486.945801
64 0.001318 1991.650635 65.177750 2046.968994 178.678146
806 0.210758 407.503967 324.812744 516.516174 397.106689
806 0.062129 255.035385 496.776245 356.296570 575.452759
806 0.012002 713.453064 1034.301880 818.884827 1110.775513
806 0.004340 4.585794 549.763184 31.151491 625.805176
806 0.003061 213.826965 2.439623 311.955322 35.950638
806 0.002314 200.609894 13.649635 334.102875 54.018730
806 0.001832 231.848999 1.000000 309.021729 67.807945
806 0.001630 2018.610962 97.476807 2044.871216 160.447891
806 0.001428 2021.602539 890.790344 2048.000000 969.413025
806 0.001016 1.851012 1062.529785 21.015125 1140.918457
856 0.725573 1461.767700 824.357849 1565.713257 905.099670
856 0.547556 1308.884033 1301.549805 1455.546875 1369.993164
856 0.324455 1826.705688 1258.369263 1946.878540 1329.519409
856 0.035500 1387.655762 201.220108 1517.636230 275.677917
856 0.001146 916.186096 3.049678 1012.837830 15.630583
856 0.001026 1318.560547 1270.694092 1409.146729 1407.862061
1074 0.710249 1662.748413 905.000977 1782.562378 974.551270
1074 0.001663 914.395935 1467.325317 1026.524414 1485.949097
1074 0.001533 1670.867432 864.403687 1747.636475 1010.596802
1074 0.001173 18.341618 1469.764526 94.837814 1486.421997
1074 0.001145 941.541077 1472.678101 1060.084229 1488.777954
925 0.826474 1309.903687 1284.284424 1429.882690 1373.293457
925 0.001733 90.839172 1460.834106 176.039581 1488.634644
1127 0.697492 1076.591064 150.856049 1218.444824 233.897675
1127 0.142987 872.648132 438.403015 971.210510 527.075928
1127 0.021278 48.871891 374.274353 166.525543 444.474304
1127 0.003657 851.651672 398.486145 967.247864 579.135254
1127 0.003541 1796.962646 74.351837 1892.293457 144.744934
1127 0.001687 3.958929 819.360962 46.078491 862.786865
1127 0.001622 1.000000 1120.930298 21.987835 1200.975464
1127 0.001496 1.000000 775.958191 57.937622 873.598572
1127 0.001388 887.413818 456.880219 956.669922 509.478180
1127 0.001075 637.659058 409.962708 1168.023926 573.594299
380 0.860390 321.399078 657.689392 414.585297 729.438049
380 0.007394 1590.731567 2.900981 1684.651489 19.701626
1124 0.861827 299.273163 971.828430 377.354401 1062.959106
1124 0.004274 316.374634 954.518738 367.477234 1038.892090
1124 0.003579 2017.512695 989.502319 2047.747559 1054.478394
1124 0.002159 2020.767456 443.151550 2046.554321 508.245056
1124 0.001776 304.543457 964.688904 412.340881 1032.937500
1124 0.001363 2022.282837 1011.362061 2048.000000 1074.748291
1124 0.001081 283.500580 931.018066 379.541046 1012.619019
923 0.568135 351.847595 621.529907 444.549561 686.906616
923 0.046693 1086.700439 1461.882812 1182.208252 1488.811035
923 0.030026 1227.897095 191.666138 1379.581665 242.698914
923 0.025151 1611.400757 1363.685913 1721.985962 1434.179565
923 0.003506 678.387512 616.197876 794.467712 679.756958
923 0.001521 1223.040894 766.260254 1310.429565 830.157837
923 0.001116 1096.906372 1432.533936 1172.181519 1484.983154
923 0.001043 2.123747 15.443481 26.492729 74.367905
639 0.829226 1321.734985 520.351685 1406.919800 596.008789
639 0.356470 1676.862671 827.978149 1762.254761 901.819458
639 0.164446 1855.094482 186.507187 1943.572266 251.988297
639 0.008140 302.067261 764.585938 378.821533 827.353760
639 0.006391 6.884671 437.765869 29.603188 513.378662
639 0.002187 1337.798706 501.342224 1391.500854 576.640442
37 0.694954 14.994755 716.000366 122.800308 781.039185
37 0.001985 2025.573608 1325.523438 2048.000000 1393.589111
65 0.808751 1686.854492 1207.047485 1786.462891 1295.460327
65 0.041319 1279.897583 566.050659 1363.286011 679.593750
65 0.002856 3.672203 41.244095 27.537907 104.678192
65 0.002150 1078.927002 1471.393066 1173.311035 1486.403076
65 0.001963 1618.237671 3.680603 1727.746948 17.036985
486 0.949324 1792.534180 760.367920 1883.674316 832.458252
486 0.103999 4.554161 1243.265869 53.154167 1297.891602
486 0.084810 1000.378784 191.318665 1097.056030 264.042450
486 0.036922 1944.279419 387.899170 2031.469604 454.068787
486 0.012135 1.738037 1229.972900 83.872925 1306.731445
486 0.004007 2007.460205 391.311554 2046.258057 447.864532
486 0.002107 1916.493286 402.171722 2005.272095 439.686127
486 0.001462 2.215750 831.511292 23.616545 917.264099
486 0.001375 1.000000 1250.383301 95.178650 1295.857666
600 0.598266 1008.431824 299.674744 1107.001953 372.095337
600 0.001514 480.002594 1024.288330 572.827026 1085.792969
600 0.001311 1585.215698 4.431092 1681.194214 16.519918
870 0.217547 1274.154541 698.988220 1375.828857 772.002380
870 0.075991 1300.084839 708.630737 1392.067505 802.874756
870 0.013218 1291.531372 730.004272 1372.070435 775.600952
870 0.010773 2020.787598 1215.608398 2044.503174 1281.953369
870 0.002656 155.228653 100.890854 249.464890 158.758804
870 0.002169 977.139038 418.149902 1086.993530 493.462158
870 0.001932 352.580658 605.891418 449.791840 686.563904
870 0.001097 990.707275 1.000000 1102.970703 24.171724
870 0.001095 2002.195068 1197.823975 2045.645996 1290.316650
388 0.765268 1271.344238 649.791260 1389.296387 742.251099
388 0.001629 436.563629 4.379132 555.042847 19.482136
388 0.001080 880.887634 1474.239990 973.044006 1488.534180
388 0.001053 482.009857 5.731703 572.545593 15.096422
597 0.585163 1749.038940 751.597961 1836.244507 823.506287
597 0.137994 503.244385 805.913269 590.540894 869.257996
597 0.075642 720.607727 370.730713 808.730896 440.695251
597 0.002564 672.037537 1408.867310 771.496399 1478.153198
597 0.001275 768.456421 1474.662476 845.662720 1489.000000
597 0.001105 1465.316162 1472.317993 1571.875732 1488.336548
1121 0.751288 115.328568 355.354919 209.858139 440.511230
1121 0.005482 2018.462158 949.158875 2045.103027 1035.596802
1121 0.002929 2018.118652 1073.826172 2048.000000 1129.852295
1121 0.002859 2021.823242 233.726059 2045.530518 305.744324
1121 0.002361 1910.229004 1469.175537 1993.216309 1485.681152
1121 0.001711 1996.204956 935.241882 2048.000000 1040.489746
1121 0.001530 848.416748 1320.700684 947.236450 1398.686523
1121 0.001416 2022.924927 1037.438965 2047.823364 1117.132324
167 0.662387 700.404785 813.304871 792.384888 881.821228
167 0.117637 1658.176147 1366.985962 1756.650513 1458.701294
167 0.068430 1745.862793 1384.531006 1834.420898 1465.629639
167 0.008545 1709.052124 1406.526978 1867.977417 1470.580444
167 0.006095 1811.850586 1331.152710 1941.108887 1379.943237
167 0.004482 5.739905 1347.748535 28.960308 1431.405029
167 0.004037 8.942333 1387.195312 37.468925 1446.619873
167 0.003280 1.000000 1461.475220 56.125153 1489.000000
167 0.002838 2015.954590 1385.655151 2046.329590 1462.480835
167 0.002292 1.000000 1465.383545 106.687454 1487.328369
167 0.001822 5.904354 1426.897949 38.972252 1472.581299
167 0.001268 1819.500488 1304.338501 1980.141357 1365.647583
167 0.001225 1556.016235 1306.675415 1846.702026 1488.918579
167 0.001216 1.000000 1103.649292 23.639473 1158.493042
167 0.001172 1700.928101 1386.186768 1808.800171 1459.302246
167 0.001034 332.827545 1469.717041 428.860687 1485.392578
167 0.001021 1673.088745 1373.002563 1745.247681 1425.905884
773 0.826118 1531.071411 772.745667 1633.807739 847.338196
773 0.055089 2012.077881 222.723709 2045.835693 312.132324
773 0.002058 2008.511353 256.497528 2042.314087 328.223969
773 0.001509 652.082214 1471.841187 736.480042 1485.827515
773 0.001250 1961.728760 202.847610 2045.645996 333.118469
386 0.573046 670.208740 928.374084 766.676270 997.206116
386 0.136719 1239.456421 685.183228 1331.539917 774.057007
386 0.009643 110.911385 1051.474609 236.003021 1113.520752
386 0.003467 1349.673218 697.732727 1434.307739 758.287292
386 0.002589 950.003113 1243.781738 1045.245850 1315.132568
386 0.002359 814.475403 328.698944 910.401306 395.117950
386 0.002123 829.740540 1242.080444 947.193176 1323.676880
386 0.001796 3.160473 1104.776001 26.979420 1160.267700
386 0.001736 2018.692017 1266.035034 2048.000000 1330.452026
386 0.001156 1269.968262 1.968819 1358.839111 15.234103
386 0.001106 2025.951416 547.064697 2048.000000 625.384277
466 0.745378 323.289276 50.875149 443.998688 128.339981
466 0.003361 1361.336792 456.882874 1453.364624 534.596863
466 0.003192 290.108948 3.455574 457.953979 161.568634
466 0.001977 348.730347 1194.672607 455.768799 1264.695068
699 0.829738 1143.211548 899.177429 1264.198364 976.561096
699 0.028255 954.184814 2.072006 1059.175781 25.832819
699 0.001743 1.828815 1044.177734 37.960945 1108.555664
699 0.001517 223.997391 1111.978271 320.580017 1195.539062
699 0.001256 931.403687 6.353584 1078.821167 35.216633
699 0.001008 9.896378 1392.737915 34.657177 1447.042847
33 0.515452 1361.036011 878.926575 1446.487915 950.751526
33 0.002698 687.428040 6.430404 782.949768 24.318298
33 0.002683 530.913818 1469.369385 633.068726 1487.644531
751 0.538870 1185.421631 46.946613 1299.561279 129.809036
751 0.003778 114.992233 1278.422974 214.180405 1339.479370
751 0.001957 795.581360 833.525513 868.724792 894.925049
751 0.001390 2022.992188 1351.462769 2047.751709 1426.657593
751 0.001167 1066.078369 24.163788 1360.713135 167.279984
1090 0.676828 487.965607 572.193054 609.444824 649.852234
1090 0.082192 5.670065 1327.843750 48.450279 1389.506592
1090 0.074704 1718.323730 1458.118286 1804.213623 1487.569946
1090 0.048744 976.325256 1294.134888 1118.291382 1359.088013
1090 0.007525 1.000000 1321.750977 93.957062 1394.784180
1090 0.005773 3.120573 1306.131104 38.766167 1371.470703
1090 0.002564 1708.497437 1427.808472 1814.819946 1487.893921
1090 0.001425 1386.180298 1279.442017 1514.659302 1364.211548
1090 0.001107 1857.371826 533.334351 1969.664795 598.211060
991 0.921443 1375.557007 635.145020 1472.179565 712.688599
991 0.808014 8.077438 1046.218872 106.540474 1126.132935
991 0.587776 1693.746948 1258.797974 1830.098511 1315.930786
991 0.128443 1898.925659 1087.342041 1985.993774 1180.922607
991 0.088027 976.734497 1137.495483 1060.233643 1208.947876
991 0.007939 1871.216553 1101.401978 2024.903076 1198.405151
991 0.002255 1835.076050 1048.711548 2028.263550 1172.985718
991 0.002208 1638.524292 1226.333618 1878.264771 1356.986450
991 0.001535 1881.673828 1106.129883 1959.316162 1160.995117
991 0.001318 1.025951 1463.244385 48.250599 1489.000000
991 0.001307 1860.070190 1001.070801 1997.997681 1139.525146
165 0.517247 857.710632 89.930099 951.162537 166.730682
165 0.002804 2021.917480 895.630005 2047.259766 969.149170
165 0.002317 877.165405 60.813072 939.446533 207.282867
165 0.001159 2021.566895 92.092148 2046.666016 163.945755
165 0.001005 1949.711304 1465.594116 2033.484497 1487.794800
826 0.428263 545.256348 889.923706 644.164062 955.272461
826 0.028229 1.000000 1454.776733 59.608101 1489.000000
826 0.015899 2018.002441 748.495361 2043.835938 829.233643
826 0.014456 7.318039 1461.008545 91.738693 1486.782471
826 0.006408 2.078306 1419.985474 49.807968 1487.497681
826 0.005814 145.348724 290.195404 232.071411 358.596954
826 0.004790 1997.713623 727.110779 2044.610352 843.970032
826 0.002023 1.000000 1420.319946 72.570900 1489.000000
826 0.001637 1970.117432 734.155762 2032.353760 847.591064
826 0.001451 2022.946411 775.048035 2046.973267 849.418030
826 0.001446 1.000000 1446.789673 105.855446 1489.000000
826 0.001172 1.000000 555.701294 22.910454 622.066162
826 0.001132 2025.182983 721.811340 2043.996460 806.607849
265 0.777346 1607.217896 38.864292 1723.174927 105.582001
265 0.031698 224.677216 1334.739868 301.878204 1400.460083
265 0.004439 1406.786865 683.457642 1490.905762 757.870117
265 0.003673 868.230591 611.907166 968.529053 693.180969
265 0.001914 918.440125 1472.486938 1016.411682 1487.048950
265 0.001784 1865.976929 2.021741 1960.675171 22.284630
265 0.001420 2013.693115 1462.559570 2048.000000 1489.000000
131 0.877853 647.995056 888.373657 748.477356 965.697144
131 0.008380 1641.101440 52.859203 1739.275757 125.240738
131 0.007738 1547.903931 1275.490112 1645.055542 1332.258179
131 0.004072 656.262939 282.682678 739.181274 378.538513
932 0.823740 1770.320435 962.946960 1904.051636 1032.531738
932 0.081042 1338.997681 1424.938232 1463.020386 1489.000000
932 0.017462 1364.588135 1445.901001 1440.331543 1485.383667
932 0.002397 1786.708862 2.997945 1872.468628 14.945838
932 0.002235 1782.144653 926.207947 1873.294556 1077.751709
